2 0.04541015625 0.03736263736263736 0.0908203125 0.07985347985347985
0 0.013671875 0.02271062271062271 0.02734375 0.04542124542124542
0 0.01318359375 0.023076923076923078 0.0263671875 0.046886446886446886
4 0.0126953125 0.011721611721611722 0.025390625 0.026373626373626374
0 0.00732421875 0.03882783882783883 0.0146484375 0.07985347985347985
0 0.00927734375 0.031868131868131866 0.0185546875 0.06593406593406594
2 0.0873150532472067 0.008635684613338256 0.1746301064944134 0.018417336853091024
0 0.0888671875 0.00989010989010989 0.177734375 0.021245421245421246
0 0.04654643691588786 0.16963472664407245 0.09309287383177572 0.34644483242614077
0 0.01416015625 0.16776556776556775 0.0283203125 0.3362637362637363
