5 0.005859375 0.00402930402930403 0.01171875 0.008791208791208791
5 0.00732421875 0.010256410256410256 0.0146484375 0.020512820512820513
0 0.220703125 0.07655677655677656 0.44140625 0.1663003663003663
2 0.0068359375 0.004395604395604396 0.013671875 0.005860805860805861
2 0.0068359375 0.00402930402930403 0.013671875 0.007326007326007326
2 0.001953125 0.003663003663003663 0.00390625 0.008791208791208791
2 0.00390625 0.004395604395604396 0.0078125 0.007326007326007326
2 0.00390625 0.004761904761904762 0.0078125 0.009523809523809525
0 0.1162109375 0.04322344322344322 0.232421875 0.08571428571428572
0 0.12744140625 0.05384615384615385 0.2548828125 0.11575091575091576
