5 0.022344322344322345 0.00830078125 0.04468864468864469 0.0166015625
5 0.02197802197802198 0.0029296875 0.04395604395604396 0.0078125
5 0.023443223443223443 0.00537109375 0.046886446886446886 0.0078125
0 0.05384615384615385 0.0244140625 0.1076923076923077 0.0517578125
6 0.020512820512820513 0.005859375 0.041025641025641026 0.041015625
5 0.023443223443223443 0.01416015625 0.046886446886446886 0.021484375
6 0.005860805860805861 0.00390625 0.011721611721611722 0.0078125
5 0.01391941391941392 0.0849609375 0.02783882783882784 0.1689453125
5 0.039194139194139194 0.0107421875 0.07838827838827839 0.021484375
5 0.007692307692307693 0.0029296875 0.015384615384615385 0.0068359375
5 0.01611721611721612 0.00439453125 0.03223443223443224 0.0078125
0 0.011721611721611722 0.0751953125 0.023443223443223443 0.1513671875
5 0.010256410256410256 0.00439453125 0.020512820512820513 0.009765625
5 0.017216117216117217 0.00537109375 0.034432234432234435 0.009765625
0 0.3344322344322344 0.05517578125 0.6688644688644688 0.1357421875
