2 0.007326007326007326 0.00732421875 0.014652014652014652 0.0146484375
5 0.00695970695970696 0.01611328125 0.01391941391941392 0.0302734375
5 0.011721611721611722 0.00439453125 0.023443223443223443 0.009765625
0 0.0032967032967032967 0.00927734375 0.006593406593406593 0.0185546875
5 0.02893772893772894 0.00341796875 0.05787545787545788 0.0068359375
5 0.002564102564102564 0.01708984375 0.005128205128205128 0.0341796875
5 0.01098901098901099 0.09619140625 0.02197802197802198 0.19140625
0 0.00805860805860806 0.0439453125 0.01611721611721612 0.0869140625
0 0.002881278099936994 0.009765625 0.005762556199873988 0.017905543913994237
0 0.008791208791208791 0.0078125 0.017582417582417582 0.015625
0 0.17399267399267399 0.041015625 0.34798534798534797 0.0791015625
0 0.009157509157509158 0.00732421875 0.018315018315018316 0.0146484375
0 0.17106227106227107 0.03955078125 0.34212454212454213 0.0810546875
