2 0.011721611721611722 0.0068359375 0.023443223443223443 0.01171875
2 0.005128205128205128 0.01708984375 0.010256410256410256 0.0361328125
0 0.08827838827838828 0.056640625 0.17655677655677657 0.111328125
0 0.04322344322344322 0.0283203125 0.08644688644688645 0.0556640625
0 0.04285714285714286 0.0283203125 0.08571428571428572 0.05859375
0 0.08864468864468865 0.05419921875 0.1772893772893773 0.109375
0 0.03293111675803095 0.016669144161423954 0.0658622335160619 0.03501958819241979
2 0.030402930402930402 0.01025390625 0.060805860805860805 0.0185546875
2 0.09620204357046463 0.015625 0.19240408714092927 0.034950657894736836
2 0.00695970695970696 0.02685546875 0.01391941391941392 0.0380859375
