0 0.0185546875 0.05238095238095238 0.037109375 0.1054945054945055
2 0.0439453125 0.00989010989010989 0.087890625 0.021245421245421246
2 0.0341796875 0.008424908424908424 0.068359375 0.018315018315018316
2 0.0107421875 0.024175824175824177 0.021484375 0.04981684981684982
2 0.0087890625 0.03663003663003663 0.017578125 0.07472527472527472
2 0.03515625 0.005128205128205128 0.0703125 0.017582417582417582
2 0.0830078125 0.016483516483516484 0.166015625 0.03663003663003663
0 0.060546875 0.17765567765567766 0.12109375 0.3567765567765568
2 0.03564453125 0.008791208791208791 0.0712890625 0.01904761904761905
2 0.02783203125 0.008424908424908424 0.0556640625 0.01684981684981685
0 0.07958984375 0.017582417582417582 0.1591796875 0.034432234432234435
3 0.021729793848167533 0.1738469209673398 0.04345958769633507 0.34253111635310596
