0 0.10146520146520147 0.029296875 0.20293040293040293 0.05859375
2 0.05787545787545788 0.0166015625 0.11575091575091576 0.033203125
2 0.007326007326007326 0.0107421875 0.014652014652014652 0.0224609375
5 0.005860805860805861 0.0302734375 0.011721611721611722 0.060546875
5 0.005494505494505495 0.0185546875 0.01098901098901099 0.0361328125
5 0.005494505494505495 0.02783203125 0.01098901098901099 0.0537109375
2 0.10293040293040293 0.041015625 0.20586080586080585 0.08203125
5 0.009157509157509158 0.072265625 0.018315018315018316 0.1435546875
5 0.015018315018315019 0.00830078125 0.030036630036630037 0.015625
0 0.04652014652014652 0.02587890625 0.09304029304029304 0.05078125
0 0.1761904761904762 0.04541015625 0.3523809523809524 0.0849609375
