5 0.008424908424908424 0.00244140625 0.01684981684981685 0.0048828125
5 0.03553113553113553 0.0068359375 0.07106227106227106 0.0234375
0 0.029304029304029304 0.00927734375 0.05860805860805861 0.01953125
6 0.00695970695970696 0.0126953125 0.01391941391941392 0.0263671875
0 0.006593406593406593 0.02294921875 0.013186813186813187 0.04296875
5 0.016483516483516484 0.0078125 0.03296703296703297 0.0146484375
2 0.01282051282051282 0.00927734375 0.02564102564102564 0.0185546875
5 0.015018315018315019 0.0048828125 0.030036630036630037 0.0087890625
2 0.04725274725274725 0.03466796875 0.0945054945054945 0.078125
0 0.041025641025641026 0.01171875 0.08205128205128205 0.0234375
0 0.04065934065934066 0.01025390625 0.08131868131868132 0.0205078125
2 0.008791208791208791 0.00634765625 0.017582417582417582 0.0126953125
2 0.009157509157509158 0.00390625 0.018315018315018316 0.0078125
0 0.0380952380952381 0.02783203125 0.0761904761904762 0.052734375
6 0.01611721611721612 0.02685546875 0.03223443223443224 0.052734375
2 0.04249084249084249 0.017578125 0.08498168498168499 0.03515625
2 0.04139194139194139 0.0166015625 0.08278388278388278 0.033203125
2 0.04139194139194139 0.01611328125 0.08278388278388278 0.0322265625
2 0.04322344322344322 0.0166015625 0.08644688644688645 0.03515625
0 0.054212454212454214 0.0146484375 0.10842490842490843 0.0283203125
0 0.2032967032967033 0.03662109375 0.4065934065934066 0.0673828125
0 0.0326007326007326 0.01123046875 0.0652014652014652 0.0234375
0 0.02490842490842491 0.01171875 0.04981684981684982 0.0234375
0 0.03333333333333333 0.01171875 0.06666666666666667 0.0234375
0 0.03406593406593406 0.01123046875 0.06813186813186813 0.0244140625
