0 0.2553113553113553 0.044921875 0.5106227106227106 0.087890625
6 0.02271062271062271 0.01708984375 0.04542124542124542 0.04296875
2 0.01575091575091575 0.01953125 0.0315018315018315 0.0390625
2 0.01684981684981685 0.02734375 0.0336996336996337 0.048828125
2 0.014285714285714285 0.06201171875 0.02857142857142857 0.126953125
2 0.01868131868131868 0.01513671875 0.03736263736263736 0.029296875
2 0.01282051282051282 0.03466796875 0.02564102564102564 0.1005859375
2 0.010256410256410256 0.00634765625 0.020512820512820513 0.015625
2 0.01098901098901099 0.0078125 0.02197802197802198 0.0146484375
2 0.016483516483516484 0.0068359375 0.03296703296703297 0.0126953125
0 0.0695970695970696 0.02099609375 0.1391941391941392 0.041015625
0 0.063003663003663 0.02099609375 0.126007326007326 0.04296875
0 0.05641025641025641 0.02099609375 0.11282051282051282 0.037109375
0 0.023809523809523808 0.18798828125 0.047619047619047616 0.3828125
0 0.02490842490842491 0.171875 0.04981684981684982 0.3427734375
0 0.018315018315018316 0.10986328125 0.03663003663003663 0.2255859375
0 0.01904761904761905 0.11474609375 0.0380952380952381 0.228515625
0 0.01978021978021978 0.1142578125 0.03956043956043956 0.2314453125
0 0.019413919413919414 0.07763671875 0.03882783882783883 0.1572265625
2 0.014285714285714285 0.05029296875 0.02857142857142857 0.0849609375
