0 0.01611328125 0.04286964129483815 0.0322265625 0.0857392825896763
5 0.0185546875 0.008311461067366578 0.037109375 0.019247594050743656
2 0.07568359375 0.019247594050743656 0.1513671875 0.03849518810148731
2 0.03955078125 0.01399825021872266 0.0791015625 0.024496937882764653
2 0.02978515625 0.010936132983377077 0.0595703125 0.024496937882764653
6 0.02197265625 0.010061242344706912 0.0439453125 0.020122484689413824
0 0.05517578125 0.010498687664041995 0.1103515625 0.02099737532808399
0 0.025390625 0.009623797025371828 0.05078125 0.019247594050743656
6 0.0341796875 0.010936132983377077 0.068359375 0.0026246719160104987
2 0.03515625 0.03718285214348206 0.0703125 0.07874015748031496
5 0.00732421875 0.004811898512685914 0.0146484375 0.008748906386701663
6 0.11328125 0.05511811023622047 0.2265625 0.03762029746281715
5 0.00830078125 0.004811898512685914 0.0166015625 0.009623797025371828
5 0.00732421875 0.004811898512685914 0.0146484375 0.009623797025371828
5 0.0078125 0.004811898512685914 0.015625 0.009623797025371828
0 0.04052734375 0.010498687664041995 0.0810546875 0.026246719160104987
0 0.08544921875 0.03237095363079615 0.1708984375 0.0726159230096238
2 0.033203125 0.016185476815398076 0.06640625 0.033245844269466314
2 0.04931640625 0.016185476815398076 0.0986328125 0.033245844269466314
2 0.021484375 0.013560804899387576 0.04296875 0.02537182852143482
2 0.017578125 0.010936132983377077 0.03515625 0.023622047244094488
2 0.01416015625 0.010061242344706912 0.0283203125 0.019247594050743656
2 0.0234375 0.009186351706036745 0.046875 0.017497812773403325
2 0.02734375 0.008748906386701663 0.0546875 0.019247594050743656
0 0.0322265625 0.009623797025371828 0.064453125 0.019247594050743656
0 0.0595703125 0.025809273840769902 0.119140625 0.048118985126859144
0 0.0634765625 0.011373578302712161 0.126953125 0.026246719160104987
6 0.0068359375 0.003937007874015748 0.013671875 0.011373578302712161
6 0.03271484375 0.04243219597550306 0.0654296875 0.09011373578302712
6 0.0146484375 0.012248468941382326 0.029296875 0.021872265966754154
0 0.09228515625 0.01706036745406824 0.1845703125 0.03587051618547681
0 0.03857421875 0.008748906386701663 0.0771484375 0.019247594050743656
0 0.0419921875 0.011373578302712161 0.083984375 0.023622047244094488
6 0.030048076923076927 0.026919711959082042 0.060096153846153855 0.05533496347144644
5 0.03672542735042733 0.01570316530946448 0.07345085470085466 0.03215410039557028
