0 0.37548828125 0.08544921875 0.7509765625 0.185546875
5 0.00537109375 0.013671875 0.0107421875 0.029296875
2 0.01513671875 0.01904296875 0.0302734375 0.037109375
0 0.01220703125 0.03271484375 0.0244140625 0.068359375
0 0.013671875 0.03466796875 0.02734375 0.0693359375
0 0.01220703125 0.0361328125 0.0244140625 0.072265625
6 0.01171875 0.017578125 0.0234375 0.033203125
0 0.011211608100858368 0.04472488599785407 0.022423216201716736 0.08861152092274682
6 0.025390625 0.01904296875 0.05078125 0.04296875
6 0.0068359375 0.00927734375 0.013671875 0.021484375
0 0.01318359375 0.0322265625 0.0263671875 0.068359375
0 0.01318359375 0.03466796875 0.0263671875 0.0693359375
0 0.013671875 0.03564453125 0.02734375 0.072265625
0 0.01318359375 0.0361328125 0.0263671875 0.072265625
4 0.013671875 0.01416015625 0.02734375 0.0244140625
0 0.03319350369458127 0.07095712746305416 0.06638700738916253 0.13229294950738912
6 0.01163073363733906 0.007544259656652397 0.02326146727467812 0.014459831008583612
