2 0.04736328125 0.012454212454212455 0.0947265625 0.024175824175824177
0 0.08447265625 0.012454212454212455 0.1689453125 0.026373626373626374
0 0.04541015625 0.011721611721611722 0.0908203125 0.023443223443223443
2 0.02294921875 0.01098901098901099 0.0458984375 0.02271062271062271
2 0.0283203125 0.013553113553113554 0.056640625 0.02564102564102564
2 0.0302734375 0.012087912087912088 0.060546875 0.02490842490842491
2 0.03076171875 0.012454212454212455 0.0615234375 0.02490842490842491
2 0.029296875 0.012454212454212455 0.05859375 0.02564102564102564
2 0.029296875 0.012087912087912088 0.05859375 0.02564102564102564
2 0.02806214080459768 0.010357458633320705 0.05612428160919536 0.023754789272030667
2 0.06622665229885055 0.010698496905393453 0.1324533045977011 0.022020125468401312
0 0.04638671875 0.012454212454212455 0.0927734375 0.024175824175824177
0 0.1240234375 0.04959659077306137 0.248046875 0.10183150183150183
0 0.10595703125 0.02538840469874953 0.2119140625 0.06009852216748769
3 0.16252531828703703 0.01600868267534935 0.32505063657407407 0.03736263736263736
0 0.03955078125 0.012454212454212455 0.0791015625 0.02490842490842491
0 0.03857421875 0.012087912087912088 0.0771484375 0.024175824175824177
0 0.04854750359195403 0.02168329754536651 0.09709500718390807 0.04926108374384236
0 0.04349631824712641 0.023156919708643846 0.08699263649425282 0.04884004884004885
2 0.10345959272540983 0.013811325286735121 0.20691918545081966 0.028823635381012427
