6 0.00604538690476189 0.024960753532182092 0.01209077380952378 0.05002616431187863
0 0.01904296875 0.007692307692307693 0.0380859375 0.014652014652014652
0 0.02490234375 0.005494505494505495 0.0498046875 0.009523809523809525
0 0.12158203125 0.49340659340659343 0.2431640625 0.9750915750915751
6 0.018136160714285712 0.038426652712367 0.036272321428571425 0.06851561137275423
2 0.0126953125 0.04468864468864469 0.025390625 0.09010989010989011
6 0.01171875 0.0437118437118437 0.0234375 0.07123669980812838
6 0.00927734375 0.04317111459968602 0.0185546875 0.09405197976626546
2 0.01513671875 0.047619047619047616 0.0302734375 0.09084249084249084
6 -0.004625822368421073 0.03458646616541354 -0.009251644736842146 0.09774436090225565
6 0.0107421875 0.04290947148090004 0.021484375 0.06624803767660907
6 -0.005487351190476192 0.01098901098901099 -0.010974702380952384 0.054945054945054944
2 0.01806640625 0.009157509157509158 0.0361328125 0.01684981684981685
2 0.01220703125 0.03736263736263736 0.0244140625 0.07545787545787545
6 0.034282483552631554 0.006554848660111796 0.06856496710526311 0.015384615384615385
6 0.05517578125 0.004761904761904762 0.1103515625 0.01098901098901099
2 0.01171875 0.03736263736263736 0.0234375 0.07838827838827839
6 0.043174342105263136 0.013302486986697537 0.08634868421052627 0.009523809523809525
6 0.05126953125 0.004761904761904762 0.1025390625 0.009523809523809525
0 0.123046875 0.02161172161172161 0.24609375 0.04395604395604396
2 0.012078536184210509 0.0019278966647387728 0.024157072368421018 0.009639483323693843
2 0.014905427631578955 -0.00019278966647387727 0.02981085526315791 0.010796221322537106
6 0.01593338815789473 0.0026990553306342766 0.03186677631578946 0.023134759976865232
6 0.002826891447368418 0.006554848660111817 0.005653782894736836 0.027761711972238284
6 0.012335526315789477 0.0011567379988432532 0.024671052631578955 0.010025062656641598
6 0.011050575657894746 0.0017351069982649006 0.02210115131578949 0.01118180065548485
6 0.016447368421052627 0.0017351069982648798 0.032894736842105254 0.010796221322537086
6 0.019274259868421045 0.006554848660111817 0.03854851973684209 0.008482745324850579
6 0.014905427631578955 0.007518796992481188 0.02981085526315791 0.009639483323693833
6 0.02415707236842106 0.007133217659533464 0.04831414473684212 0.0034702139965297595
6 0.02698396381578949 0.005976479660690169 0.05396792763157898 0.005398110661268543
6 0.011564555921052627 0.01619433198380567 0.023129111842105254 0.012724117987275952
6 0.012335526315789436 0.007133217659533464 0.02467105263157887 0.0269905533063428
6 0.013620476973684237 0.007326007326007326 0.027240953947368474 0.030846346635820365
5 0.013106496710526327 0.005590900327742425 0.026212993421052655 0.010025062656641598
6 0.012849506578947345 0.0015423173317910181 0.02569901315789469 0.0038557933294775457
6 0.012461344401041671 0.006295787545787546 0.024922688802083343 0.025564713064713092
6 0.012461344401041671 0.006677350427350413 0.024922688802083343 0.025564713064713092
6 0.010172526041666671 0.010683760683760691 0.020345052083333343 0.005723443223443223
