0 0.01123046875 0.01282051282051282 0.0224609375 0.02490842490842491
0 0.08056640625 0.05274725274725275 0.1611328125 0.10476190476190476
4 0.0107421875 0.009157509157509158 0.021484375 0.01684981684981685
0 0.01220703125 0.011355311355311355 0.0244140625 0.021245421245421246
5 0.01025390625 0.01868131868131868 0.0205078125 0.035897435897435895
6 0.01171875 0.004395604395604396 0.0234375 0.006593406593406593
0 0.0751953125 0.07472527472527472 0.150390625 0.14725274725274726
0 0.01171875 0.01282051282051282 0.0234375 0.02564102564102564
0 0.01171875 0.02600732600732601 0.0234375 0.05054945054945055
6 0.01123046875 0.0062271062271062275 0.0224609375 0.011721611721611722
6 0.0107421875 0.0062271062271062275 0.021484375 0.011721611721611722
