0 0.25634765625 0.03736263736263736 0.5126953125 0.07545787545787545
0 0.0498046875 0.01098901098901099 0.099609375 0.02271062271062271
0 0.0283203125 0.005860805860805861 0.056640625 0.012454212454212455
6 0.02001953125 0.005860805860805861 0.0400390625 0.013186813186813187
0 0.05615234375 0.027106227106227107 0.1123046875 0.04322344322344322
0 0.0576171875 0.023443223443223443 0.115234375 0.04542124542124542
0 0.1123046875 0.025274725274725275 0.224609375 0.046153846153846156
5 0.01416015625 0.0032967032967032967 0.0283203125 0.007326007326007326
6 0.01611328125 0.002564102564102564 0.0322265625 0.005128205128205128
5 0.00927734375 0.002197802197802198 0.0185546875 0.004395604395604396
6 0.021484375 0.004761904761904762 0.04296875 0.008791208791208791
6 0.01953125 0.0062271062271062275 0.0390625 0.012454212454212455
