2 0.060073260073260075 0.0224609375 0.12014652014652015 0.044921875
0 0.15824175824175823 0.03466796875 0.31648351648351647 0.0556640625
2 0.057509157509157506 0.021484375 0.11501831501831501 0.04296875
0 0.11355311355311355 0.04443359375 0.2271062271062271 0.07421875
0 0.04358974358974359 0.025390625 0.08717948717948718 0.0537109375
0 0.21611721611721613 0.0400390625 0.43223443223443225 0.072265625
0 0.09377289377289377 0.03662109375 0.18754578754578755 0.07421875
0 0.20842490842490843 0.046875 0.41684981684981687 0.0986328125
0 0.28717948717948716 0.10546875 0.5743589743589743 0.1435546875
0 0.15128205128205127 0.02734375 0.30256410256410254 0.056640625
