6 0.01123046875 0.02673992673992674 0.0224609375 0.04835164835164835
0 0.158203125 0.3901098901098901 0.31640625 0.8468864468864469
0 0.03515625 0.01282051282051282 0.0703125 0.02490842490842491
2 0.01025390625 0.00402930402930403 0.0205078125 0.009523809523809525
5 0.00390625 0.003663003663003663 0.0078125 0.007326007326007326
5 0.00146484375 0.04542124542124542 0.0029296875 0.09597069597069598
5 0.0009765625 0.06227106227106227 0.001953125 0.12161172161172161
5 0.00048828125 0.056776556776556776 0.0009765625 0.12087912087912088
6 0.00537109375 0.008791208791208791 0.0107421875 0.021245421245421246
5 0.0302734375 0.003663003663003663 0.060546875 0.005860805860805861
6 0.01123046875 0.002197802197802198 0.0224609375 0.003663003663003663
