0 0.0439453125 0.011355311355311355 0.087890625 0.023443223443223443
0 0.04296875 0.011355311355311355 0.0859375 0.02490842490842491
2 0.01953125 0.00805860805860806 0.0390625 0.01611721611721612
2 0.03125 0.007692307692307693 0.0625 0.01611721611721612
5 0.0908203125 0.00695970695970696 0.181640625 0.015384615384615385
0 0.04150390625 0.012087912087912088 0.0830078125 0.02271062271062271
0 0.041015625 0.010622710622710623 0.08203125 0.02271062271062271
0 0.0419921875 0.01098901098901099 0.083984375 0.02197802197802198
3 0.08435371594551283 0.011355311355311355 0.16870743189102566 0.023715600638677597
0 0.04443359375 0.011721611721611722 0.0888671875 0.02490842490842491
0 0.17626953125 0.04322344322344322 0.3525390625 0.09157509157509157
