0 0.0361328125 0.12637362637362637 0.072265625 0.25274725274725274
5 0.0078125 0.011721611721611722 0.015625 0.02490842490842491
5 0.0087890625 0.011721611721611722 0.017578125 0.02197802197802198
0 0.01123046875 0.017582417582417582 0.0224609375 0.0315018315018315
4 0.0048828125 0.015384615384615385 0.009765625 0.027106227106227107
4 0.00634765625 0.014285714285714285 0.0126953125 0.026373626373626374
5 0.00732421875 0.01575091575091575 0.0146484375 0.03296703296703297
4 0.005859375 0.01904761904761905 0.01171875 0.029304029304029304
0 0.05483158299180327 0.014171620728997794 0.10966316598360654 0.023443223443223443
0 0.0633683010463801 0.014419969171100399 0.1267366020927602 0.02271062271062271
0 0.058770503393665165 0.013756982082773926 0.11754100678733033 0.02254156100309951
0 0.08448691263686131 0.016108287568471914 0.16897382527372262 0.02271062271062271
0 0.08304316317873303 0.014088475626937162 0.16608632635746606 0.02271062271062271
0 0.0322265625 0.013553113553113554 0.064453125 0.024175824175824177
0 0.05401804652149321 0.01342548853861073 0.10803609304298642 0.023443223443223443
0 0.05355627828054299 0.015384615384615385 0.10711255656108598 0.02453052226807893
0 0.0888671875 0.02783882783882784 0.177734375 0.04322344322344322
0 0.0341796875 0.1271062271062271 0.068359375 0.2542124542124542
6 0.003742301551094892 0.011764391326435114 0.007484603102189784 0.022726665062431504
6 0.004811530565693431 0.011497018796288873 0.009623061131386862 0.021389802411700215
6 0.007484603102189784 0.011363332531215752 0.014969206204379568 0.02219192000213894
6 0.0038030250347705144 0.01202321091055444 0.007606050069541029 0.023435072113792536
