0 0.024175824175824177 0.01123046875 0.04835164835164835 0.0224609375
5 0.002564102564102564 0.0126953125 0.005128205128205128 0.025390625
5 0.006593406593406593 0.00634765625 0.013186813186813187 0.013671875
5 0.001098901098901099 0.015625 0.002197802197802198 0.033203125
5 0.007692307692307693 0.00439453125 0.015384615384615385 0.009765625
5 0.003663003663003663 0.0263671875 0.007326007326007326 0.03515625
2 0.09413919413919414 0.01318359375 0.18827838827838828 0.029296875
5 0.003663003663003663 0.01708984375 0.007326007326007326 0.041015625
5 0.0029304029304029304 0.01416015625 0.005860805860805861 0.0234375
0 0.02490842490842491 0.0107421875 0.04981684981684982 0.0234375
6 0.009523809523809525 0.017578125000000028 0.01904761904761905 0.03417968750000011
2 0.01391941391941392 0.00390625 0.02783882783882784 0.009765625
5 0.01391941391941392 0.0029296875 0.02783882783882784 0.005859375
0 0.00402930402930403 0.01220703125 0.00805860805860806 0.0224609375
5 0.004395604395604396 0.00341796875 0.008791208791208791 0.0107421875
0 0.02600732600732601 0.01123046875 0.05201465201465202 0.0224609375
0 0.29706959706959707 0.05908203125 0.5941391941391941 0.142578125
6 0.039194139194139194 0.0126953125 0.07838827838827839 0.0283203125
0 0.02673992673992674 0.01171875 0.05347985347985348 0.025390625
0 0.02298646023342378 0.017354741270242946 0.04597292046684756 0.0256990131578948
0 0.02857142857142857 0.01220703125 0.05714285714285714 0.025390625
0 0.02564102564102564 0.0107421875 0.05128205128205128 0.0224609375
