0 0.004395604395604396 0.01416015625 0.008791208791208791 0.02734375
2 0.0032967032967032967 0.01513671875 0.006593406593406593 0.0380859375
2 0.022344322344322345 0.0078125 0.04468864468864469 0.0166015625
0 0.028205128205128206 0.0927734375 0.05641025641025641 0.1376953125
0 0.10842490842490843 0.05712890625 0.21684981684981686 0.1162109375
0 0.07582417582417582 0.025390625 0.15164835164835164 0.0537109375
0 0.07655677655677656 0.02734375 0.15311355311355312 0.0537109375
0 0.18058608058608058 0.0595703125 0.36117216117216117 0.115234375
3 0.1362345618982787 0.012315058075221208 0.2724691237965574 0.02734375
6 0.00402930402930403 0.0224609375 0.00805860805860806 0.05078125
0 0.011355311355311355 0.0595703125 0.02271062271062271 0.1298828125
