0 0.09423828125 0.03772893772893773 0.1884765625 0.0761904761904762
5 0.0107421875 0.00989010989010989 0.021484375 0.01978021978021978
5 0.0107421875 0.011355311355311355 0.021484375 0.021245421245421246
5 0.0107421875 0.011355311355311355 0.021484375 0.021245421245421246
5 0.02978515625 0.006593406593406593 0.0595703125 0.024175824175824177
0 0.19677734375 0.03882783882783883 0.3935546875 0.07912087912087912
5 0.02490234375 0.00989010989010989 0.0498046875 0.02783882783882784
0 0.0263671875 0.011721611721611722 0.052734375 0.02271062271062271
0 0.02880859375 0.01098901098901099 0.0576171875 0.023443223443223443
0 0.0302734375 0.011721611721611722 0.060546875 0.02271062271062271
0 0.05859375 0.01098901098901099 0.1171875 0.02197802197802198
0 0.05810546875 0.012087912087912088 0.1162109375 0.02490842490842491
None 0.011013862781954875 0.009088655705197062 0.02202772556390975 0.01900355283813928
