0 0.044322344322344324 0.01123046875 0.08864468864468865 0.021484375
0 0.013553113553113554 0.0048828125 0.027106227106227107 0.0107421875
0 0.06446886446886448 0.02880859375 0.12893772893772895 0.0673828125
4 0.02490842490842491 0.0341796875 0.04981684981684982 0.0693359375
2 0.023443223443223443 0.01513671875 0.046886446886446886 0.029296875
0 0.030036630036630037 0.01611328125 0.060073260073260075 0.0234375
5 0.0336996336996337 0.01708984375 0.0673992673992674 0.0341796875
5 0.007692307692307693 0.015625 0.015384615384615385 0.0322265625
5 0.007326007326007326 0.00390625 0.014652014652014652 0.0068359375
0 0.01611721611721612 0.00537109375 0.03223443223443224 0.0107421875
6 0.01611721611721612 0.00390625 0.03223443223443224 0.0068359375
5 0.013553113553113554 0.00390625 0.027106227106227107 0.0087890625
5 0.008424908424908424 0.00439453125 0.01684981684981685 0.0078125
5 0.010256410256410256 0.00439453125 0.020512820512820513 0.009765625
5 0.01098901098901099 0.00390625 0.02197802197802198 0.0087890625
3 0.012454212454212455 0.00537109375 0.02490842490842491 0.013671875
5 0.010256410256410256 0.00341796875 0.020512820512820513 0.0087890625
0 0.02490842490842491 0.009765625 0.04981684981684982 0.013671875
0 0.03076923076923077 0.0078125 0.06153846153846154 0.0146484375
2 0.035897435897435895 0.04736328125 0.07179487179487179 0.0869140625
0 0.050915750915750915 0.0341796875 0.10183150183150183 0.0673828125
0 0.04908424908424908 0.0322265625 0.09816849816849817 0.0615234375
5 0.015018315018315019 0.00390625 0.030036630036630037 0.0087890625
5 0.014652014652014652 0.005859375 0.029304029304029304 0.0107421875
2 0.009157509157509158 0.0078125 0.018315018315018316 0.015625
4 0.00989010989010989 0.0205078125 0.01978021978021978 0.041015625
5 0.015384615384615385 0.02880859375 0.03076923076923077 0.0732421875
6 0.002197802197802198 0.0048828125 0.004395604395604396 0.009765625
6 0.002564102564102564 0.0048828125 0.005128205128205128 0.009765625
5 0.007692307692307693 0.0029296875 0.015384615384615385 0.00390625
5 0.00805860805860806 0.00439453125 0.01611721611721612 0.0087890625
5 0.014285714285714285 0.00439453125 0.02857142857142857 0.009765625
2 0.01098901098901099 0.00390625 0.02197802197802198 0.009765625
5 0.009523809523809525 0.00390625 0.01904761904761905 0.009765625
2 0.22417582417582418 0.037109375 0.44835164835164837 0.1083984375
5 0.0029304029304029304 0.044921875 0.005860805860805861 0.0888671875
2 0.06153846153846154 0.01025390625 0.12307692307692308 0.029296875
