0 0.022742935906271536 0.07080078125 0.04548587181254307 0.146484375
0 0.03494662106809882 0.02413767688679247 0.06989324213619764 0.05481647995283023
0 0.29255685733976566 0.07373046875 0.5851137146795313 0.15625
2 0.033425223983459686 0.01806640625 0.06685044796691937 0.0341796875
2 0.018607856650585803 0.01806640625 0.037215713301171606 0.0341796875
2 0.055823569951757405 0.02001953125 0.11164713990351481 0.0400390625
2 0.019641626464507237 0.01708984375 0.039283252929014474 0.033203125
2 0.04445210199862164 0.01513671875 0.08890420399724328 0.0302734375
2 0.027567195037904894 0.01611328125 0.05513439007580979 0.0322265625
0 0.02722260509993108 0.17138671875 0.05444521019986216 0.3427734375
5 0.0034458993797381117 0.0302734375 0.006891798759476223 0.0654296875
0 0.022422784970990903 0.023693761081560266 0.04484556994198181 0.041015625
2 0.025844245348035838 0.017578125 0.051688490696071676 0.0380859375
2 0.076148535784789 0.01513671875 0.152297071569578 0.028138241525423657
2 0.004479669193659545 0.04248046875 0.00895933838731909 0.0546875
2 0.012405237767057202 0.00927734375 0.024810475534114404 0.013671875
5 0.0027567195037904893 0.046875 0.005513439007580979 0.0703125
5 0.007925568573397657 0.01025390625 0.015851137146795313 0.01953125
6 0.002412129565816678 0.00537109375 0.004824259131633356 0.0166015625
2 0.004135079255685734 0.02587890625 0.008270158511371467 0.0703125
