5 0.0048828125 0.004761904761904762 0.009765625 0.007326007326007326
2 0.00634765625 0.01282051282051282 0.0126953125 0.024175824175824177
5 0.00244140625 0.015018315018315019 0.0048828125 0.030036630036630037
5 0.00390625 0.016483516483516484 0.0078125 0.034432234432234435
5 0.0107421875 0.0062271062271062275 0.021484375 0.010256410256410256
0 0.005859375 0.023443223443223443 0.01171875 0.046886446886446886
2 0.033203125 0.005860805860805861 0.06640625 0.011721611721611722
2 0.0380859375 0.007326007326007326 0.076171875 0.015384615384615385
6 0.0087890625 0.008791208791208791 0.017578125 0.01978021978021978
0 0.08984375 0.02490842490842491 0.1796875 0.054212454212454214
0 0.09423828125 0.02564102564102564 0.1884765625 0.05201465201465202
6 0.0068359375 0.01611721611721612 0.013671875 0.03076923076923077
5 0.005859375 0.003663003663003663 0.01171875 0.005860805860805861
