4 0.010256410256410256 0.01806640625 0.020512820512820513 0.0341796875
5 0.0062271062271062275 0.021484375 0.012454212454212455 0.044921875
6 0.0326007326007326 0.03076171875 0.0652014652014652 0.0693359375
5 0.004761904761904762 0.02734375 0.009523809523809525 0.056640625
6 0.02783882783882784 0.0341796875 0.05567765567765568 0.07421875
5 0.004761904761904762 0.03076171875 0.009523809523809525 0.0595703125
5 0.003663003663003663 0.01708984375 0.007326007326007326 0.033203125
6 0.014652014652014652 0.0419921875 0.029304029304029304 0.0859375
5 0.00805860805860806 0.03369140625 0.01611721611721612 0.068359375
6 0.04065934065934066 0.03955078125 0.08131868131868132 0.0771484375
5 0.0380952380952381 0.00439453125 0.0761904761904762 0.01953125
0 0.016483516483516484 0.07080078125 0.03296703296703297 0.1455078125
0 0.4490842490842491 0.134765625 0.8981684981684982 0.158203125
