0 0.0439453125 0.0728937728937729 0.087890625 0.1443223443223443
0 0.240234375 0.08315018315018315 0.48046875 0.12673992673992673
2 0.0615234375 0.04065934065934066 0.123046875 0.07765567765567766
0 0.12938765404929575 0.03508228860341535 0.2587753080985915 0.0695970695970696
0 0.12473282724056606 0.030755408113898677 0.24946565448113212 0.05714285714285714
0 0.21484375 0.035164835164835165 0.4296875 0.05274725274725275
2 0.052734375 0.027472527472527472 0.10546875 0.05274725274725275
2 0.05517578125 0.031868131868131866 0.1103515625 0.05934065934065934
2 0.05615234375 0.0336996336996337 0.1123046875 0.06666666666666667
0 0.12386681898584906 0.030755408113898677 0.24773363797169812 0.05714285714285714
0 0.04187657267306666 0.017074970383500858 0.08375314534613332 0.03371735006069305
0 0.03915462853773588 0.01807020156741125 0.07830925707547176 0.032483240030409845
0 0.03915462853773588 0.01807020156741125 0.07830925707547176 0.03325730872900686
