0 0.056640625 0.16282339707536558 0.11328125 0.3250843644544432
0 0.09423828125 0.25646794150731156 0.1884765625 0.5281214848143982
5 0.00439453125 0.016310461192350956 0.0087890625 0.03374578177727784
5 0.00634765625 0.00421822272215973 0.0126953125 0.006186726659167604
6 0.037109375 0.11304836895388076 0.07421875 0.22890888638920134
0 0.0322265625 0.03262092238470191 0.064453125 0.06411698537682789
6 0.00927734375 0.004780652418447694 0.0185546875 0.009561304836895388
0 0.005859375 0.030089988751406074 0.01171875 0.05343082114735658
6 0.009765625 0.00421822272215973 0.01953125 0.00843644544431946
5 0.00927734375 0.0022497187851518562 0.0185546875 0.005061867266591676
6 0.0029296875 0.003937007874015748 0.005859375 0.007874015748031496
5 0.0087890625 0.001968503937007874 0.017578125 0.00281214848143982
6 0.01025390625 0.003655793025871766 0.0205078125 0.007311586051743532
0 0.03466796875 0.03233970753655793 0.0693359375 0.06467941507311586
