6 0.09326171875 0.009904622157006602 0.1865234375 0.013206162876008804
3 0.02211872329059833 0.18335935687366353 0.04423744658119666 0.3636523255011883
2 0.0205078125 0.13976522377109318 0.041015625 0.2773294203961849
5 0.01708984375 0.003301540719002201 0.0341796875 0.006603081438004402
0 0.0517578125 0.2622890682318415 0.103515625 0.5260454878943507
2 0.01220703125 0.006603081438004402 0.0244140625 0.012472487160674981
0 0.05859375 0.014306676449009537 0.1171875 0.028613352898019074
0 0.05810546875 0.011371973587674248 0.1162109375 0.022010271460014674
5 0.00537109375 0.001834189288334556 0.0107421875 0.004402054292002935
5 0.00341796875 0.003301540719002201 0.0068359375 0.006603081438004402
