3 0.16327356853672645 0.0146484375 0.3265471370734529 0.03289473684210531
2 0.01978021978021978 0.03759765625 0.03956043956043956 0.0771484375
4 0.020512820512820513 0.0205078125 0.041025641025641026 0.04296875
2 0.11245421245421246 0.03857421875 0.22490842490842491 0.0693359375
2 0.02161172161172161 0.03466796875 0.04322344322344322 0.0615234375
3 0.12406015037593979 0.038291529605263136 0.24812030075187957 0.080078125
2 0.07362637362637363 0.0302734375 0.14725274725274726 0.0595703125
2 0.017582417582417582 0.03466796875 0.035164835164835165 0.05859375
2 0.017582417582417582 0.03466796875 0.035164835164835165 0.0703125
0 0.09157509157509157 0.046875 0.18315018315018314 0.0927734375
0 0.15824175824175823 0.02685546875 0.31648351648351647 0.0556640625
0 0.020512820512820513 0.0087890625 0.041025641025641026 0.0166015625
3 0.11933680354732987 0.0537109375 0.23867360709465973 0.07401315789473684
