5 0.01806640625 0.004761904761904762 0.0361328125 0.008791208791208791
5 0.005859375 0.0018315018315018315 0.01171875 0.006593406593406593
0 0.01513671875 0.004395604395604396 0.0302734375 0.008375408375408346
2 0.00439453125 0.00402930402930403 0.0087890625 0.008791208791208791
5 0.00732421875 0.003663003663003663 0.0146484375 0.007326007326007326
0 0.17529296875 0.06483516483516484 0.3505859375 0.13626373626373625
5 0.009765625 0.0029304029304029304 0.01953125 0.006593406593406593
0 0.09130859375 0.05274725274725275 0.1826171875 0.073992673992674
5 0.00439453125 0.0029304029304029304 0.0087890625 0.007326007326007326
5 0.005859375 0.0062271062271062275 0.01171875 0.011721611721611722
6 0.018578506097560954 0.004109711426784608 0.03715701219512191 0.010363620119717667
6 0.011194740853658514 0.0028589296881980043 0.022389481707317027 0.006432591798445437
6 0.013338414634146312 0.0033949790047350962 0.026676829268292623 0.005717859376395925
