0 0.0341796875 0.00805860805860806 0.068359375 0.014652014652014652
6 0.00830078125 0.00805860805860806 0.0166015625 0.014652014652014652
6 0.00927734375 0.003663003663003663 0.0185546875 0.006593406593406593
5 0.0068359375 0.0032967032967032967 0.013671875 0.005128205128205128
5 0.00732421875 0.0029304029304029304 0.0146484375 0.005860805860805861
5 0.00634765625 0.00402930402930403 0.0126953125 0.007326007326007326
5 0.00732421875 0.0029304029304029304 0.0146484375 0.005860805860805861
5 0.0068359375 0.0032967032967032967 0.013671875 0.006593406593406593
5 0.00634765625 0.003663003663003663 0.0126953125 0.005860805860805861
5 0.00537109375 0.002564102564102564 0.0107421875 0.005860805860805861
5 0.00634765625 0.0032967032967032967 0.0126953125 0.006593406593406593
5 0.005859375 0.0029304029304029304 0.01171875 0.005860805860805861
5 0.005859375 0.002564102564102564 0.01171875 0.005860805860805861
0 0.232421875 0.0706959706959707 0.46484375 0.08717948717948718
5 0.01611328125 0.002197802197802198 0.0322265625 0.003663003663003663
2 0.02197265625 0.003663003663003663 0.0439453125 0.005860805860805861
5 0.0087890625 0.002197802197802198 0.017578125 0.005128205128205128
6 0.02099609375 0.007326007326007326 0.0419921875 0.013186813186813187
