3 0.0962093797929448 0.007326007326007326 0.1924187595858896 0.016629587181734393
2 0.09423828125 0.018315018315018316 0.1884765625 0.03663003663003663
0 0.18896484375 0.05274725274725275 0.3779296875 0.10842490842490843
2 0.080078125 0.01868131868131868 0.16015625 0.03663003663003663
6 0.0166015625 0.018315018315018316 0.033203125 0.0380952380952381
2 0.0576171875 0.011721611721611722 0.115234375 0.02783882783882784
2 0.0224609375 0.02783882783882784 0.044921875 0.05567765567765568
0 0.0595703125 0.009523809523809525 0.119140625 0.020512820512820513
3 0.09628127396472397 0.00695970695970696 0.19256254792944794 0.01910155284388419
5 0.011759653141361237 0.012273938975509643 0.023519306282722474 0.023397196172065326
