6 0.02783203125 0.010256410256410256 0.0556640625 0.01978021978021978
0 0.03955078125 0.009157509157509158 0.0791015625 0.017582417582417582
5 0.05908203125 0.00805860805860806 0.1181640625 0.015384615384615385
0 0.06396484375 0.010622710622710623 0.1279296875 0.02271062271062271
0 0.06005859375 0.010622710622710623 0.1201171875 0.02197802197802198
0 0.1767578125 0.04542124542124542 0.353515625 0.09304029304029304
0 0.0615234375 0.011355311355311355 0.123046875 0.02271062271062271
0 0.06201171875 0.00989010989010989 0.1240234375 0.021245421245421246
0 0.0615234375 0.00989010989010989 0.123046875 0.021245421245421246
0 0.0634765625 0.010256410256410256 0.126953125 0.021245421245421246
6 0.009765625 0.00695970695970696 0.01953125 0.014652014652014652
