0 0.02490234375 0.009523809523809525 0.0498046875 0.01978021978021978
0 0.03857421875 0.010256410256410256 0.0771484375 0.020512820512820513
0 0.025390625 0.00989010989010989 0.05078125 0.01978021978021978
5 0.0048828125 0.00805860805860806 0.009765625 0.01611721611721612
5 0.01416015625 0.0029304029304029304 0.0283203125 0.005860805860805861
5 0.00830078125 0.0029304029304029304 0.0166015625 0.005128205128205128
5 0.005859375 0.027106227106227107 0.01171875 0.05567765567765568
5 0.0068359375 0.017948717948717947 0.013671875 0.041025641025641026
5 0.0068359375 0.019413919413919414 0.013671875 0.041025641025641026
5 0.01708984375 0.004761904761904762 0.0341796875 0.010256410256410256
5 0.0263671875 0.008424908424908424 0.052734375 0.015384615384615385
0 0.2294921875 0.03296703296703297 0.458984375 0.06446886446886448
5 0.0166015625 0.005860805860805861 0.033203125 0.011721611721611722
0 0.0234375 0.00695970695970696 0.046875 0.015384615384615385
5 0.02734375 0.008791208791208791 0.0546875 0.017582417582417582
0 0.02001953125 0.12380952380952381 0.0400390625 0.2512820512820513
5 0.0078125 0.005128205128205128 0.015625 0.008791208791208791
0 0.05126953125 0.010622710622710623 0.1025390625 0.02197802197802198
