4 0.072265625 0.0712890625 0.14453125 0.1435546875
2 0.0556640625 0.02587890625 0.111328125 0.05078125
2 0.08447265625 0.02392578125 0.1689453125 0.0478515625
0 0.0185546875 0.00537109375 0.037109375 0.0107421875
2 0.0126953125 0.01220703125 0.025390625 0.0244140625
0 0.0107421875 0.0224609375 0.021484375 0.044921875
5 0.00341796875 0.02099609375 0.0068359375 0.0419921875
0 0.01953125 0.03515625 0.0390625 0.072265625
6 0.017578125 0.02099609375 0.03515625 0.04296875
0 0.01611328125 0.03369140625 0.0322265625 0.0673828125
