0 0.15359237536656892 0.091796875 0.30718475073313783 0.185546875
2 0.04288856304985337 0.01220703125 0.08577712609970674 0.0224609375
2 0.045087976539589444 0.01220703125 0.09017595307917889 0.0244140625
2 0.03775659824046921 0.01318359375 0.07551319648093842 0.0234375
2 0.026759530791788857 0.0126953125 0.053519061583577714 0.0244140625
2 0.006231671554252199 0.0078125 0.012463343108504398 0.015625
2 0.01722873900293255 0.01806640625 0.0344574780058651 0.0361328125
2 0.005865102639296188 0.0078125 0.011730205278592375 0.0146484375
2 0.01686217008797654 0.01611328125 0.03372434017595308 0.03125
0 0.036656891495601175 0.013671875 0.07331378299120235 0.02734375
0 0.03848973607038123 0.01513671875 0.07697947214076246 0.0263671875
0 0.04105571847507331 0.02685546875 0.08211143695014662 0.052734375
5 0.002565982404692082 0.0107421875 0.005131964809384164 0.0224609375
5 0.036290322580645164 0.00537109375 0.07258064516129033 0.009765625
0 0.022727272727272728 0.01708984375 0.045454545454545456 0.033203125
0 0.017961876832844576 0.01318359375 0.03592375366568915 0.0244140625
0 0.012463343108504398 0.03564453125 0.024926686217008796 0.0703125
0 0.16019061583577712 0.02685546875 0.32038123167155425 0.0537109375
3 0.08247800586510264 0.01806640625 0.16495601173020527 0.0390625
0 0.08211143695014662 0.08203125 0.16422287390029325 0.1494140625
0 0.03592375366568915 0.00732421875 0.0718475073313783 0.015625
0 0.10117302052785923 0.0517578125 0.20234604105571846 0.1044921875
5 0.006598240469208211 0.00341796875 0.013196480938416423 0.0048828125
5 0.005131964809384164 0.00390625 0.010263929618768328 0.0068359375
5 0.010997067448680353 0.0029296875 0.021994134897360705 0.0048828125
