0 0.03772893772893773 0.02783203125 0.07545787545787545 0.0556640625
0 0.03663003663003663 0.02392578125 0.07326007326007326 0.044921875
4 0.01868131868131868 0.0234375 0.03736263736263736 0.048828125
0 0.08498168498168499 0.02978515625 0.16996336996336997 0.056640625
0 0.08351648351648351 0.02294921875 0.16703296703296702 0.0458984375
0 0.06776556776556776 0.01806640625 0.13553113553113552 0.03515625
0 0.0652014652014652 0.01904296875 0.1304029304029304 0.0400390625
0 0.06336996336996337 0.01904296875 0.12673992673992673 0.0380859375
0 0.1498168498168498 0.04541015625 0.2996336996336996 0.087890625
6 0.030460767302872557 0.02826891447368421 0.06092153460574511 0.07709703947368424
