0 0.08016708312246962 0.012826444810250475 0.16033416624493924 0.028058311459121146
0 0.04345703125 0.01391941391941392 0.0869140625 0.030036630036630037
2 0.01806640625 0.06190476190476191 0.0361328125 0.12434191067731439
2 0.01611328125 0.05069733579050348 0.0322265625 0.09963369963369964
2 0.07625490258097167 0.010901514140380477 0.15250980516194335 0.024617757411279743
2 0.03793372026821862 0.01052928178434254 0.07586744053643724 0.021245421245421246
0 0.06364854820344129 0.0139475908706678 0.12729709640688258 0.027038009224244035
2 0.06201171875 0.012087912087912088 0.1240234375 0.02490842490842491
2 0.01171875 0.04298455168020385 0.0234375 0.08717948717948718
2 0.01318359375 0.03076923076923077 0.0263671875 0.05934065934065934
3 0.0602720932439271 0.01245717844908124 0.1205441864878542 0.02961842476012509
0 0.03173828125 0.014652014652014652 0.0634765625 0.029304029304029304
2 0.0302734375 0.012087912087912088 0.060546875 0.02490842490842491
