2 0.01220703125 0.004451038575667656 0.0244140625 0.008160237388724036
2 0.01220703125 0.004451038575667656 0.0244140625 0.008160237388724036
2 0.037109375 0.008902077151335312 0.07421875 0.019287833827893175
2 0.0390625 0.04451038575667656 0.078125 0.08456973293768547
0 0.01708984375 0.007789317507418398 0.0341796875 0.016320474777448073
0 0.01806640625 0.008531157270029673 0.0361328125 0.01483679525222552
0 0.0390625 0.015207715133531157 0.078125 0.02967359050445104
2 0.00634765625 0.00370919881305638 0.0126953125 0.008160237388724036
2 0.0380859375 0.015578635014836795 0.076171875 0.03115727002967359
2 0.0146484375 0.005934718100890208 0.029296875 0.010385756676557863
0 0.0263671875 0.10237388724035608 0.052734375 0.19955489614243324
0 0.005859375 0.01298219584569733 0.01171875 0.02596439169139466
0 0.01806640625 0.00741839762611276 0.0361328125 0.01483679525222552
2 0.0380859375 0.015207715133531157 0.076171875 0.03115727002967359
0 0.03515625 0.07863501483679525 0.0703125 0.15281899109792285
0 0.03759765625 0.05600890207715133 0.0751953125 0.11053412462908012
0 0.04833984375 0.021513353115727003 0.0966796875 0.04451038575667656
2 0.01025390625 0.004080118694362018 0.0205078125 0.00741839762611276
2 0.0166015625 0.004080118694362018 0.033203125 0.008902077151335312
