0 0.02564102564102564 0.01806640625 0.05128205128205128 0.037109375
0 0.025274725274725275 0.01708984375 0.05054945054945055 0.0361328125
0 0.054945054945054944 0.0224609375 0.10989010989010989 0.0400390625
4 0.010622710622710623 0.01806640625 0.021245421245421246 0.03515625
0 0.04139194139194139 0.0205078125 0.08278388278388278 0.0380859375
0 0.23626373626373626 0.078125 0.4725274725274725 0.1591796875
0 0.07838827838827839 0.02978515625 0.15677655677655677 0.05859375
2 0.18315018315018314 0.02734375 0.3663003663003663 0.052734375
5 0.03626373626373627 0.01806640625 0.07252747252747253 0.03515625
5 0.020879120879120878 0.02685546875 0.041758241758241756 0.0234375
5 0.011355311355311355 0.01171875 0.02271062271062271 0.0283203125
5 0.010622710622710623 0.01513671875 0.021245421245421246 0.02734375
