5 0.01708984375 0.035897435897435895 0.0341796875 0.07106227106227106
6 0.0087890625 0.020512820512820513 0.017578125 0.03736263736263736
5 0.017578125 0.017216117216117217 0.03515625 0.0336996336996337
5 0.02685546875 0.009523809523809525 0.0537109375 0.018315018315018316
5 0.02490234375 0.009157509157509158 0.0498046875 0.01611721611721612
5 0.0234375 0.008791208791208791 0.046875 0.01684981684981685
5 0.02197265625 0.019413919413919414 0.0439453125 0.03736263736263736
6 0.0234375 0.006593406593406593 0.046875 0.014652014652014652
6 0.02294921875 0.007692307692307693 0.0458984375 0.014652014652014652
5 0.01806640625 0.021245421245421246 0.0361328125 0.04249084249084249
6 0.00634765625 0.01575091575091575 0.0126953125 0.0336996336996337
6 0.02490234375 0.009157509157509158 0.0498046875 0.023443223443223443
0 0.04052734375 0.07106227106227106 0.0810546875 0.14065934065934066
4 0.029296875 0.013186813186813187 0.05859375 0.02564102564102564
0 0.02978515625 0.050915750915750915 0.0595703125 0.09816849816849817
