0 0.08203125 0.012087912087912088 0.1640625 0.026373626373626374
0 0.13818359375 0.013553113553113554 0.2763671875 0.02783882783882784
0 0.16845703125 0.014652014652014652 0.3369140625 0.029304029304029304
0 0.13671875 0.01391941391941392 0.2734375 0.02857142857142857
0 0.109375 0.014285714285714285 0.21875 0.02783882783882784
0 0.10888671875 0.014285714285714285 0.2177734375 0.02783882783882784
0 0.08056640625 0.01391941391941392 0.1611328125 0.026373626373626374
2 0.0283203125 0.010622710622710623 0.056640625 0.020512820512820513
2 0.02685546875 0.00989010989010989 0.0537109375 0.020512820512820513
2 0.02685546875 0.011355311355311355 0.0537109375 0.02197802197802198
2 0.0234375 0.009523809523809525 0.046875 0.01904761904761905
2 0.0341796875 0.011721611721611722 0.068359375 0.02197802197802198
0 0.09326171875 0.018315018315018316 0.1865234375 0.03663003663003663
0 0.1103515625 0.013553113553113554 0.220703125 0.027106227106227107
5 0.01318359375 0.003663003663003663 0.0263671875 0.008791208791208791
5 0.08740234375 0.02454212454212454 0.1748046875 0.05201465201465202
5 0.14501953125 0.01904761904761905 0.2900390625 0.035164835164835165
0 0.1044921875 0.028205128205128206 0.208984375 0.054945054945054944
0 0.13916015625 0.02783882783882784 0.2783203125 0.054945054945054944
5 0.0986328125 0.012454212454212455 0.197265625 0.024175824175824177
5 0.0595703125 0.011355311355311355 0.119140625 0.02271062271062271
5 0.072265625 0.011721611721611722 0.14453125 0.02490842490842491
5 0.115234375 0.013186813186813187 0.23046875 0.02490842490842491
5 0.09582189611486491 0.01625581625581624 0.19164379222972983 0.02564102564102564
5 0.048828125 0.011355311355311355 0.09765625 0.024175824175824177
5 0.04052734375 0.01098901098901099 0.0810546875 0.021245421245421246
5 0.0791015625 0.01282051282051282 0.158203125 0.02564102564102564
5 0.04638671875 0.01098901098901099 0.0927734375 0.02271062271062271
2 0.0361328125 0.011721611721611722 0.072265625 0.024175824175824177
2 0.03564453125 0.011721611721611722 0.0712890625 0.024175824175824177
2 0.02783203125 0.011355311355311355 0.0556640625 0.02197802197802198
2 0.0283203125 0.01098901098901099 0.056640625 0.02197802197802198
0 0.13818359375 0.014285714285714285 0.2763671875 0.02783882783882784
