0 0.13688151041666666 0.018762718762718785 0.2737630208333333 0.05347985347985348
0 0.08154296875 0.016483516483516484 0.1630859375 0.03223443223443224
2 0.03949333639705882 0.010234863176039666 0.07898667279411764 0.021008403361344505
0 0.1824176122271825 0.01701043665329379 0.364835224454365 0.03215303215303217
2 0.07351662294708028 0.02032031229111521 0.14703324589416056 0.04477955134889437
0 0.2431640625 0.09084249084249084 0.486328125 0.18939065800379667
2 0.016465649162371143 0.010195989577432856 0.032931298324742286 0.01978021978021978
0 0.11908637152777779 0.023199023199023214 0.23817274305555558 0.04542124542124542
0 0.12060546875 0.02425722425722424 0.2412109375 0.047619047619047616
0 0.12158203125 0.02454212454212454 0.2431640625 0.046153846153846156
0 0.0302734375 0.012087912087912088 0.060546875 0.02271062271062271
2 0.03268659607438015 0.0093845548391003 0.0653731921487603 0.018163654527290914
0 0.029296875 0.010622710622710623 0.05859375 0.02271062271062271
2 0.03309013429752067 0.009081827263645457 0.06618026859504134 0.0187691096782006
2 0.034704287190082644 0.007568189386371166 0.06940857438016529 0.016347289074561698
0 0.03173828125 0.011355311355311355 0.0634765625 0.024175824175824177
0 0.0302734375 0.012087912087912088 0.060546875 0.024175824175824177
0 0.02880859375 0.011355311355311355 0.0576171875 0.02490842490842491
0 0.0283203125 0.013186813186813187 0.056640625 0.02197802197802198
2 0.015625 0.009523809523809525 0.03125 0.01978021978021978
2 0.017578125 0.00989010989010989 0.03515625 0.01978021978021978
2 0.09418194110576922 0.012087912087912088 0.18836388221153844 0.021837137221752657
0 0.14111328125 0.02490842490842491 0.2822265625 0.05347985347985348
0 0.0717478996545226 0.025217663408618165 0.1434957993090452 0.04835164835164835
2 0.08543043870192307 0.011721611721611722 0.17086087740384615 0.021132713440405723
3 0.0642668733891752 0.010384804199237149 0.1285337467783504 0.02564102564102564
2 0.01220703125 0.00695970695970696 0.0244140625 0.015384615384615385
2 0.08297257570876293 0.011140062686454491 0.16594515141752586 0.02251425550394616
