0 0.02294921875 0.02490842490842491 0.0458984375 0.05054945054945055
2 0.0087890625 0.020879120879120878 0.017578125 0.035897435897435895
2 0.0302734375 0.005494505494505495 0.060546875 0.01611721611721612
3 0.0234375 0.07472527472527472 0.046875 0.1509157509157509
0 0.02490234375 0.07545787545787545 0.0498046875 0.15311355311355312
0 0.024994029748908297 0.07655677655677656 0.049988059497816595 0.1529184061935154
0 0.0230281113537118 0.0379400802981589 0.0460562227074236 0.0767791160804261
0 0.02294921875 0.07655677655677656 0.0458984375 0.15258889582033688
0 0.02490234375 0.0761904761904762 0.0498046875 0.1523809523809524
0 0.0263671875 0.07728937728937729 0.052734375 0.15311355311355312
0 0.024653919956140358 0.07671100828995563 0.049307839912280715 0.1544245228455755
0 0.023343270285087703 0.07673028725660307 0.046686540570175405 0.15208534155902578
0 0.023343270285087758 0.07645395540132384 0.046686540570175517 0.15565837671100832
2 0.013671875 0.02600732600732601 0.02734375 0.05347985347985348
3 0.07012159304511278 0.00853782808670027 0.14024318609022557 0.01982979426588452
0 0.06787109375 0.01098901098901099 0.1357421875 0.02271062271062271
0 0.05908203125 0.016483516483516484 0.1181640625 0.03223443223443224
2 0.00634765625 0.0062271062271062275 0.0126953125 0.012454212454212455
6 0.018045176630434777 0.012143653448001281 0.036090353260869554 0.024287306896002562
