0 0.14013671875 0.041789940828402365 0.2802734375 0.10207100591715976
2 0.07763671875 0.009615384615384616 0.1552734375 0.019970414201183433
0 0.0517578125 0.009985207100591717 0.103515625 0.021449704142011833
0 0.05126953125 0.23224852071005916 0.1025390625 0.46671597633136097
0 0.03271484375 0.05066568047337278 0.0654296875 0.10059171597633136
0 0.029296875 0.04992603550295858 0.05859375 0.09985207100591716
0 0.03076171875 0.05140532544378698 0.0615234375 0.10207100591715976
0 0.06103515625 0.16937869822485208 0.1220703125 0.34393491124260356
0 0.064453125 0.026627218934911243 0.12890625 0.053994082840236685
2 0.01513671875 0.025887573964497042 0.0302734375 0.04881656804733728
2 0.060546875 0.008875739644970414 0.12109375 0.019970414201183433
0 0.044921875 0.2514792899408284 0.08984375 0.5081360946745562
2 0.05078125 0.026627218934911243 0.1015625 0.04807692307692308
0 0.05517578125 0.13868343195266272 0.1103515625 0.2818047337278107
2 0.0390625 0.019230769230769232 0.078125 0.040680473372781065
3 0.10471754807692307 0.01664201183431953 0.20943509615384615 0.0344535477671572
