0 0.05078125 0.010780669144981412 0.1015625 0.02379182156133829
0 0.0615234375 0.00929368029739777 0.123046875 0.01858736059479554
0 0.0595703125 0.010037174721189592 0.119140625 0.019330855018587362
0 0.0361328125 0.010408921933085501 0.072265625 0.020074349442379184
0 0.0556640625 0.009665427509293681 0.111328125 0.020817843866171002
0 0.01220703125 0.008178438661710037 0.0244140625 0.017100371747211896
0 0.06689453125 0.006691449814126394 0.1337890625 0.013382899628252789
0 0.02294921875 0.008178438661710037 0.0458984375 0.015613382899628252
0 0.02001953125 0.008921933085501859 0.0400390625 0.016356877323420074
0 0.01904296875 0.008550185873605948 0.0380859375 0.015613382899628252
0 0.02392578125 0.009665427509293681 0.0478515625 0.019330855018587362
0 0.0244140625 0.008550185873605948 0.048828125 0.01858736059479554
0 0.01123046875 0.09182156133828996 0.0224609375 0.18736059479553904
0 0.0185546875 0.01412639405204461 0.037109375 0.023048327137546468
2 0.0205078125 0.010780669144981412 0.041015625 0.020817843866171002
0 0.00830078125 0.0044609665427509295 0.0166015625 0.011152416356877323
0 0.0078125 0.004089219330855019 0.015625 0.011152416356877323
0 0.03369140625 0.006319702602230483 0.0673828125 0.012639405204460967
0 0.03466796875 0.007063197026022305 0.0693359375 0.01412639405204461
5 0.03369140625 0.011524163568773234 0.0673828125 0.020074349442379184
5 0.03125 0.008550185873605948 0.0625 0.01412639405204461
0 0.0244140625 0.008178438661710037 0.048828125 0.015613382899628252
5 0.00341796875 0.004089219330855019 0.0068359375 0.013382899628252789
5 0.0048828125 0.010780669144981412 0.009765625 0.017100371747211896
0 0.00830078125 0.0758364312267658 0.0166015625 0.15762081784386617
2 0.01806640625 0.011524163568773234 0.0361328125 0.025278810408921933
0 0.11474609375 0.012639405204460967 0.2294921875 0.021561338289962824
0 0.06640625 0.011152416356877323 0.1328125 0.0275092936802974
0 0.015625 0.009665427509293681 0.03125 0.023048327137546468
0 0.025390625 0.008550185873605948 0.05078125 0.016356877323420074
0 0.02783203125 0.008178438661710037 0.0556640625 0.017843866171003718
0 0.0244140625 0.007806691449814126 0.048828125 0.016356877323420074
0 0.02783203125 0.008178438661710037 0.0556640625 0.017100371747211896
0 0.0283203125 0.008178438661710037 0.056640625 0.016356877323420074
0 0.02685546875 0.008921933085501859 0.0537109375 0.01858736059479554
0 0.02880859375 0.008921933085501859 0.0576171875 0.017843866171003718
0 0.02685546875 0.008921933085501859 0.0537109375 0.017100371747211896
0 0.02880859375 0.009665427509293681 0.0576171875 0.019330855018587362
0 0.02734375 0.008921933085501859 0.0546875 0.017100371747211896
0 0.02734375 0.008921933085501859 0.0546875 0.017843866171003718
0 0.02392578125 0.008178438661710037 0.0478515625 0.015613382899628252
0 0.0234375 0.008178438661710037 0.046875 0.015613382899628252
0 0.02294921875 0.008178438661710037 0.0458984375 0.015613382899628252
0 0.02294921875 0.007806691449814126 0.0458984375 0.016356877323420074
0 0.08251953125 0.008921933085501859 0.1650390625 0.019330855018587362
0 0.0576171875 0.008921933085501859 0.115234375 0.01858736059479554
0 0.04736328125 0.010408921933085501 0.0947265625 0.021561338289962824
0 0.05322265625 0.010780669144981412 0.1064453125 0.021561338289962824
0 0.06689453125 0.011152416356877323 0.1337890625 0.025278810408921933
3 0.0595703125 0.011524163568773234 0.119140625 0.021561338289962824
0 0.0400390625 0.011152416356877323 0.080078125 0.022304832713754646
0 0.06298828125 0.011524163568773234 0.1259765625 0.021561338289962824
0 0.03857421875 0.011895910780669145 0.0771484375 0.022304832713754646
0 0.01025390625 0.0044609665427509295 0.0205078125 0.010408921933085501
0 0.18359375 0.02862453531598513 0.3671875 0.05799256505576208
0 0.0732421875 0.009665427509293681 0.146484375 0.021561338289962824
5 0.0068359375 0.005947955390334572 0.013671875 0.011895910780669145
5 0.00732421875 0.0048327137546468404 0.0146484375 0.009665427509293681
5 0.0087890625 0.012267657992565056 0.017578125 0.017100371747211896
5 0.01171875 0.0052044609665427505 0.0234375 0.011152416356877323
5 0.0078125 0.006691449814126394 0.015625 0.008921933085501859
5 0.0048828125 0.0018587360594795538 0.009765625 0.006691449814126394
5 0.00537109375 0.0022304832713754648 0.0107421875 0.0044609665427509295
0 0.05908203125 0.011895910780669145 0.1181640625 0.02379182156133829
0 0.05517578125 0.011895910780669145 0.1103515625 0.022304832713754646
0 0.0283203125 0.012267657992565056 0.056640625 0.025278810408921933
0 0.04150390625 0.012267657992565056 0.0830078125 0.02379182156133829
0 0.0546875 0.012267657992565056 0.109375 0.025278810408921933
0 0.02880859375 0.00929368029739777 0.0576171875 0.017843866171003718
0 0.0419921875 0.012267657992565056 0.083984375 0.02379182156133829
0 0.06787109375 0.013011152416356878 0.1357421875 0.025278810408921933
0 0.06005859375 0.013382899628252789 0.1201171875 0.026765799256505577
2 0.046875 0.031226765799256505 0.09375 0.04907063197026022
3 0.09033203125 0.008550185873605948 0.1806640625 0.020817843866171002
