0 0.014173998044965786 0.004765395894428153 0.028347996089931573 0.009530791788856305
0 0.013196480938416423 0.005865102639296188 0.026392961876832845 0.010997067448680353
2 0.059628543499511244 0.009164222873900294 0.11925708699902249 0.017595307917888565
0 0.059628543499511244 0.011730205278592375 0.11925708699902249 0.02126099706744868
2 0.04349951124144673 0.012096774193548387 0.08699902248289346 0.022727272727272728
0 0.013685239491691105 0.005131964809384164 0.02737047898338221 0.010263929618768328
0 0.03470185728250244 0.1000733137829912 0.06940371456500488 0.1935483870967742
2 0.03128054740957967 0.005498533724340176 0.06256109481915934 0.009530791788856305
0 0.024437927663734114 0.05461876832844575 0.04887585532746823 0.10777126099706745
0 0.011241446725317693 0.005498533724340176 0.022482893450635387 0.010263929618768328
0 0.01270772238514174 0.009897360703812317 0.02541544477028348 0.018328445747800588
0 0.009775171065493646 0.006598240469208211 0.019550342130987292 0.012463343108504398
6 0.004887585532746823 0.005865102639296188 0.009775171065493646 0.011730205278592375
0 0.05474095796676442 0.022727272727272728 0.10948191593352884 0.04472140762463343
0 0.0747800586510264 0.03189149560117302 0.1495601173020528 0.06598240469208211
0 0.04887585532746823 0.009530791788856305 0.09775171065493646 0.019794721407624633
0 0.05278592375366569 0.010263929618768328 0.10557184750733138 0.022727272727272728
0 0.010263929618768328 0.006231671554252199 0.020527859237536656 0.013196480938416423
0 0.011241446725317693 0.004032258064516129 0.022482893450635387 0.010263929618768328
2 0.042033235581622676 0.013929618768328446 0.08406647116324535 0.030058651026392963
0 0.07624633431085044 0.023826979472140762 0.15249266862170088 0.053519061583577714
0 0.02346041055718475 0.004765395894428153 0.0469208211143695 0.009530791788856305
0 0.02297165200391007 0.005131964809384164 0.04594330400782014 0.009530791788856305
