5 0.0146484375 0.002197802197802198 0.029296875 0.0029304029304029304
0 0.04833984375 0.1 0.0966796875 0.20073260073260074
0 0.1748046875 0.33076923076923076 0.349609375 0.6923076923076923
0 0.03466796875 0.08754578754578754 0.0693359375 0.17802197802197803
6 0.00830078125 0.00805860805860806 0.0166015625 0.015384615384615385
5 0.01171875 0.0032967032967032967 0.0234375 0.006593406593406593
6 0.015625 0.006593406593406593 0.03125 0.014652014652014652
6 0.0166015625 0.003663003663003663 0.033203125 0.007326007326007326
6 0.00732421875 0.0032967032967032967 0.0146484375 0.007326007326007326
5 0.00439453125 0.001098901098901099 0.0087890625 0.0029304029304029304
6 0.0048828125 0.01391941391941392 0.009765625 0.029304029304029304
5 0.0048828125 0.0018315018315018315 0.009765625 0.003663003663003663
6 0.0048828125 0.0032967032967032967 0.009765625 0.006593406593406593
6 0.00634765625 0.0062271062271062275 0.0126953125 0.011721611721611722
6 0.01123046875 0.004761904761904762 0.0224609375 0.008791208791208791
5 0.0048828125 0.013186813186813187 0.009765625 0.02490842490842491
5 0.00634765625 0.002564102564102564 0.0126953125 0.004395604395604396
6 0.009765625 0.0029304029304029304 0.01953125 0.005860805860805861
