2 0.07568359375 0.01868131868131868 0.1513671875 0.0315018315018315
2 0.08984375 0.014652014652014652 0.1796875 0.04468864468864469
2 0.16650390625 0.03553113553113553 0.3330078125 0.0673992673992674
2 0.150390625 0.017948717948717947 0.30078125 0.035897435897435895
0 0.02685546875 0.013186813186813187 0.0537109375 0.02490842490842491
0 0.02783203125 0.013186813186813187 0.0556640625 0.02490842490842491
0 0.02783203125 0.013553113553113554 0.0556640625 0.024175824175824177
0 0.02783203125 0.011355311355311355 0.0556640625 0.024175824175824177
0 0.02734375 0.013186813186813187 0.0546875 0.02783882783882784
2 0.1064453125 0.026373626373626374 0.212890625 0.07032967032967033
2 0.10302734375 0.01904761904761905 0.2060546875 0.0380952380952381
