0 0.0537109375 0.014652014652014652 0.107421875 0.0315018315018315
0 0.037109375 0.01575091575091575 0.07421875 0.03076923076923077
0 0.03772058020104896 0.014534183764953006 0.07544116040209792 0.026373626373626374
5 0.019753386534334783 0.004716313729189233 0.039506773068669565 0.009523809523809525
0 0.02734375 0.009523809523809525 0.0546875 0.01978021978021978
0 0.03515625 0.00989010989010989 0.0703125 0.01904761904761905
0 0.01806640625 0.00989010989010989 0.0361328125 0.01978021978021978
2 0.02783203125 0.007692307692307693 0.0556640625 0.01611721611721612
0 0.08984375 0.030402930402930402 0.1796875 0.05860805860805861
0 0.03515625 0.009523809523809525 0.0703125 0.01904761904761905
0 0.08251953125 0.01098901098901099 0.1650390625 0.01978021978021978
0 0.0556640625 0.016483516483516484 0.111328125 0.0315018315018315
2 0.0234375 0.009157509157509158 0.046875 0.018315018315018316
2 0.015625 0.013186813186813187 0.03125 0.026373626373626374
