5 0.0126953125 0.004395604395604396 0.025390625 0.010256410256410256
0 0.01416015625 0.08571428571428572 0.0283203125 0.17216117216117216
5 0.01220703125 0.005494505494505495 0.0244140625 0.012454212454212455
5 0.00732421875 0.004395604395604396 0.0146484375 0.01098901098901099
6 0.01123046875 0.02600732600732601 0.0224609375 0.05054945054945055
6 0.00830078125 0.02454212454212454 0.0166015625 0.04981684981684982
5 0.0048828125 0.005494505494505495 0.009765625 0.010256410256410256
5 0.005859375 0.002197802197802198 0.01171875 0.004395604395604396
6 0.009765625 0.02271062271062271 0.01953125 0.046153846153846156
6 0.01123046875 0.023443223443223443 0.0224609375 0.04908424908424908
6 0.009765625 0.02783882783882784 0.01953125 0.05567765567765568
5 0.00634765625 0.0014652014652014652 0.0126953125 0.004395604395604396
5 0.0048828125 0.0018315018315018315 0.009765625 0.003663003663003663
5 0.01953125 0.002564102564102564 0.0390625 0.006593406593406593
5 0.01123046875 0.004395604395604396 0.0224609375 0.008791208791208791
5 0.02001953125 0.007692307692307693 0.0400390625 0.01391941391941392
5 0.00244140625 0.002197802197802198 0.0048828125 0.005860805860805861
5 0.0126953125 0.005494505494505495 0.025390625 0.01098901098901099
5 0.00341796875 0.0018315018315018315 0.0068359375 0.004395604395604396
5 0.00537109375 0.0014652014652014652 0.0107421875 0.0029304029304029304
5 0.0078125 0.0029304029304029304 0.015625 0.006593406593406593
2 0.056640625 0.12673992673992673 0.11328125 0.25934065934065936
0 0.015625 0.06117216117216117 0.03125 0.126007326007326
0 0.03857421875 0.16483516483516483 0.0771484375 0.3413919413919414
2 0.06982421875 0.11245421245421246 0.1396484375 0.12893772893772895
