3 0.19844322344322343 0.12158203125 0.39688644688644686 0.21484375
2 0.4076923076923077 0.09716796875 0.8153846153846154 0.1767578125
0 0.073992673992674 0.03955078125 0.147985347985348 0.0771484375
0 0.03076923076923077 0.087890625 0.06153846153846154 0.1748046875
0 0.23846153846153847 0.1181640625 0.47692307692307695 0.24609375
0 0.20822046170883382 0.04469214697003576 0.41644092341766764 0.09765625
0 0.10036630036630037 0.04638671875 0.20073260073260074 0.0859375
0 0.10146520146520147 0.046875 0.20293040293040293 0.08984375
0 0.2827838827838828 0.03515625 0.5655677655677656 0.0732421875
0 0.06996336996336996 0.03662109375 0.13992673992673993 0.0771484375
0 0.34945054945054943 0.0595703125 0.6989010989010989 0.12109375
0 0.060073260073260075 0.0224609375 0.12014652014652015 0.048828125
0 0.031135531135531136 0.02294921875 0.06227106227106227 0.044921875
3 0.09268947015425885 0.0224609375 0.1853789403085177 0.046421104753521125
