0 0.03662109375 0.15054945054945054 0.0732421875 0.2937728937728938
0 0.0029296875 0.006593406593406593 0.005859375 0.012454212454212455
2 0.01904296875 0.0062271062271062275 0.0380859375 0.012454212454212455
5 0.07177734375 0.014285714285714285 0.1435546875 0.030036630036630037
0 0.0185546875 0.035164835164835165 0.037109375 0.07372227200553375
0 0.03076171875 0.0062271062271062275 0.0615234375 0.013186813186813187
0 0.01171875 0.02967032967032967 0.0234375 0.07838827838827839
0 0.0732421875 0.02271062271062271 0.146484375 0.041758241758241756
2 0.01953125 0.006593406593406593 0.0390625 0.011721611721611722
3 0.056640625 0.01098901098901099 0.11328125 0.023443223443223443
2 0.01806640625 0.009157509157509158 0.0361328125 0.020512820512820513
0 0.0166015625 0.011355311355311355 0.033203125 0.02271062271062271
6 0.00537109375 0.008424908424908424 0.0107421875 0.017582417582417582
6 0.00390625 0.009157509157509158 0.0078125 0.01904761904761905
6 0.00341796875 0.008424908424908424 0.0068359375 0.01611721611721612
6 0.00390625 0.00805860805860806 0.0078125 0.01611721611721612
0 0.2890625 0.024175824175824177 0.578125 0.06593406593406594
5 0.0145164695945946 0.029807515521801237 0.0290329391891892 0.061945776231490585
6 0.005677688953488372 0.004578754578754579 0.011355377906976744 0.008305647840531588
6 0.003406613372093026 0.004046341255643578 0.006813226744186052 0.010861231791464379
6 0.03576582404458595 0.003499685028347459 0.0715316480891719 0.010265742749819158
