0 0.02392578125 0.007326007326007326 0.0478515625 0.012454212454212455
0 0.07080078125 0.021245421245421246 0.1416015625 0.041025641025641026
0 0.06787109375 0.019413919413919414 0.1357421875 0.03882783882783883
0 0.048828125 0.017216117216117217 0.09765625 0.035164835164835165
0 0.267578125 0.044322344322344324 0.53515625 0.08571428571428572
4 0.0166015625 0.020146520146520148 0.033203125 0.03882783882783883
4 0.01806640625 0.020512820512820513 0.0361328125 0.040293040293040296
6 0.07080078125 0.008424908424908424 0.1416015625 0.009523809523809525
0 0.0205078125 0.00989010989010989 0.041015625 0.01978021978021978
5 0.04443359375 0.0062271062271062275 0.0888671875 0.013186813186813187
5 0.037109375 0.009523809523809525 0.07421875 0.018315018315018316
0 0.037109375 0.010622710622710623 0.07421875 0.01611721611721612
