6 0.0234375 0.006593406593406593 0.046875 0.013186813186813187
5 0.00439453125 0.1413919413919414 0.0087890625 0.2681318681318681
2 0.02685546875 0.003663003663003663 0.0537109375 0.00805860805860806
0 0.046875 0.011721611721611722 0.09375 0.02564102564102564
0 0.0107421875 0.060805860805860805 0.021484375 0.11794871794871795
0 0.05224609375 0.17106227106227107 0.1044921875 0.3575091575091575
6 0.01171875 0.02161172161172161 0.0234375 0.041758241758241756
6 0.0234375 0.00402930402930403 0.046875 0.00805860805860806
6 0.01220703125 0.014652014652014652 0.0244140625 0.02857142857142857
6 0.0078125 0.022344322344322345 0.015625 0.04542124542124542
6 0.00341796875 0.041758241758241756 0.0068359375 0.08424908424908426
0 0.0048828125 0.11941391941391942 0.009765625 0.23076923076923078
6 0.009765625 0.008424908424908424 0.01953125 0.01391941391941392
0 0.04345703125 0.00805860805860806 0.0869140625 0.014652014652014652
0 0.0224609375 0.00989010989010989 0.044921875 0.020512820512820513
0 0.02294921875 0.011721611721611722 0.0458984375 0.023443223443223443
6 0.011432926829268275 0.010184937014205288 0.02286585365853655 0.018940409184311554
6 0.001842570754716985 0.008984725965858024 0.00368514150943397 0.020042850231529484
6 0.01209900442477876 0.007131511556290315 0.02419800884955752 0.01491134234497064
6 0.016179160466269826 0.003924646781789663 0.03235832093253965 0.006977149834292687
