0 0.103515625 0.017582417582417582 0.20703125 0.035897435897435895
0 0.12158203125 0.02600732600732601 0.2431640625 0.05128205128205128
0 0.35302734375 0.0706959706959707 0.7060546875 0.14505494505494507
2 0.0888671875 0.04468864468864469 0.177734375 0.08937728937728938
0 0.1201171875 0.02564102564102564 0.240234375 0.05128205128205128
0 0.060546875 0.02490842490842491 0.12109375 0.05054945054945055
5 0.05908203125 0.00402930402930403 0.1181640625 0.00805860805860806
6 0.05908203125 0.0062271062271062275 0.1181640625 0.012454212454212455
2 0.01171875 0.06923076923076923 0.0234375 0.13846153846153847
2 0.01171875 0.04725274725274725 0.0234375 0.0945054945054945
2 0.0732421875 0.022344322344322345 0.146484375 0.04468864468864469
6 0.11279296875 0.02490842490842491 0.2255859375 0.04981684981684982
0 0.09228515625 0.02564102564102564 0.1845703125 0.04908424908424908
