0 0.07273119549418605 0.01098901098901099 0.1454623909883721 0.021864440469091657
5 0.01220703125 0.010622710622710623 0.0244140625 0.020512820512820513
0 0.0849609375 0.01904761904761905 0.169921875 0.03728685107995451
4 0.01708984375 0.01391941391941392 0.0341796875 0.029304029304029304
0 0.03125 0.015018315018315019 0.0625 0.029304029304029304
0 0.0361328125 0.017216117216117217 0.072265625 0.035164835164835165
0 0.058174762788778867 0.010880208900010862 0.11634952557755773 0.023010432911423077
0 0.0634765625 0.011355311355311355 0.126953125 0.024175824175824177
0 0.140625 0.02673992673992674 0.28125 0.05274725274725275
0 0.06640625 0.012454212454212455 0.1328125 0.02564102564102564
