0 0.27099609375 0.044029352901934625 0.5419921875 0.09006004002668445
0 0.01416015625 0.013008672448298866 0.0283203125 0.024683122081387593
0 0.0673828125 0.01734489659773182 0.134765625 0.03602401601067378
0 0.205078125 0.02068045363575717 0.41015625 0.046030687124749836
0 0.0673828125 0.013675783855903937 0.134765625 0.028685790527018012
3 0.06787109375 0.017678452301534357 0.1357421875 0.037358238825883926
0 0.1015625 0.015677118078719146 0.203125 0.03135423615743829
0 0.03271484375 0.018679119412941963 0.0654296875 0.03468979319546364
0 0.05126953125 0.018345563709139426 0.1025390625 0.03669112741827885
4 0.0341796875 0.019679786524349565 0.068359375 0.04536357571714476
2 0.07470703125 0.018679119412941963 0.1494140625 0.03468979319546364
5 0.005859375 0.015010006671114077 0.01171875 0.030020013342228154
6 0.01953125 0.003669112741827885 0.0390625 0.00733822548365577
5 0.05078125 0.008338892595063376 0.1015625 0.016010673782521682
0 0.0322265625 0.012341561040693796 0.064453125 0.024683122081387593
6 0.0068359375 0.01200800533689126 0.013671875 0.03268845897264843
