2 0.0064995357474466105 0.02294921875 0.012999071494893221 0.0458984375
5 0.017177344475394613 0.00927734375 0.034354688950789226 0.0205078125
2 0.006963788300835654 0.0126953125 0.013927576601671309 0.0234375
2 0.01160631383472609 0.01318359375 0.02321262766945218 0.0234375
2 0.016248839368616527 0.0078125 0.032497678737233054 0.015625
2 0.014856081708449397 0.00732421875 0.029712163416898793 0.0166015625
5 0.02414113277623027 0.00732421875 0.04828226555246054 0.015625
2 0.01532033426183844 0.0068359375 0.03064066852367688 0.0146484375
5 0.0060352831940575676 0.0146484375 0.012070566388115135 0.029296875
2 0.008356545961002786 0.0087890625 0.016713091922005572 0.0185546875
2 0.00510677808727948 0.0185546875 0.01021355617455896 0.037109375
0 0.005571030640668524 0.05908203125 0.011142061281337047 0.1171875
2 0.012070566388115135 0.0068359375 0.02414113277623027 0.013671875
2 0.019498607242339833 0.01318359375 0.03899721448467967 0.0263671875
2 0.01532033426183844 0.0068359375 0.03064066852367688 0.0146484375
0 0.027855153203342618 0.01171875 0.055710306406685235 0.0244140625
0 0.05153203342618384 0.02734375 0.10306406685236769 0.052734375
5 0.10817084493964717 0.02392578125 0.21634168987929434 0.056640625
6 0.07010213556174559 0.025390625 0.14020427112349118 0.048828125
0 0.16202414113277622 0.03857421875 0.32404828226555243 0.0869140625
5 0.028783658310120707 0.00830078125 0.057567316620241414 0.015625
5 0.01532033426183844 0.0048828125 0.03064066852367688 0.009765625
5 0.014856081708449397 0.00439453125 0.029712163416898793 0.013671875
5 0.02135561745589601 0.0048828125 0.04271123491179202 0.0107421875
0 0.017641597028783658 0.0703125 0.035283194057567316 0.140625
2 0.009749303621169917 0.009765625 0.019498607242339833 0.0205078125
2 0.0060352831940575676 0.02099609375 0.012070566388115135 0.0419921875
0 0.2539461467038069 0.0419921875 0.5078922934076138 0.1015625
2 0.03714020427112349 0.02490234375 0.07428040854224698 0.046875
2 0.032497678737233054 0.0234375 0.06499535747446611 0.044921875
0 0.03806870937790158 0.0234375 0.07613741875580315 0.05078125
4 0.020891364902506964 0.0244140625 0.04178272980501393 0.044921875
2 0.012999071494893221 0.0166015625 0.025998142989786442 0.0322265625
2 0.013927576601671309 0.0166015625 0.027855153203342618 0.03125
6 0.02181987000928505 0.03955078125 0.0436397400185701 0.08203125
6 0.013463324048282266 0.02490234375 0.02692664809656453 0.0498046875
