0 0.33003663003663003 0.1923828125 0.6600732600732601 0.578125
4 0.012454212454212455 0.01806640625 0.02490842490842491 0.033203125
4 0.01391941391941392 0.015625 0.02783882783882784 0.0302734375
4 0.01282051282051282 0.01611328125 0.02564102564102564 0.033203125
6 0.008424908424908424 0.0263671875 0.01684981684981685 0.0546875
0 0.08205128205128205 0.02392578125 0.1641025641025641 0.05078125
4 0.012087912087912088 0.015625 0.024175824175824177 0.0302734375
4 0.010622710622710623 0.01416015625 0.021245421245421246 0.02734375
6 0.008424908424908424 0.01318359375 0.01684981684981685 0.0263671875
6 0.004395604395604396 0.06591796875 0.008791208791208791 0.1328125
