5 0.0078125 0.010622710622710623 0.015625 0.020512820512820513
5 0.01806640625 0.004761904761904762 0.0361328125 0.006593406593406593
5 0.013671875 0.003663003663003663 0.02734375 0.005860805860805861
5 0.01318359375 0.0029304029304029304 0.0263671875 0.005860805860805861
2 0.0166015625 0.014652014652014652 0.033203125 0.02783882783882784
6 0.017578125 0.013186813186813187 0.03515625 0.03223443223443224
5 0.0029296875 0.002564102564102564 0.005859375 0.005128205128205128
5 0.0029296875 0.002564102564102564 0.005859375 0.005128205128205128
5 0.0029296875 0.002564102564102564 0.005859375 0.005860805860805861
2 0.07470703125 0.007326007326007326 0.1494140625 0.012454212454212455
2 0.0380859375 0.005860805860805861 0.076171875 0.011721611721611722
2 0.037109375 0.005494505494505495 0.07421875 0.010256410256410256
2 0.02880859375 0.00695970695970696 0.0576171875 0.012454212454212455
2 0.05078125 0.00695970695970696 0.1015625 0.013186813186813187
0 0.2080078125 0.03663003663003663 0.416015625 0.0673992673992674
2 0.0498046875 0.046886446886446886 0.099609375 0.09523809523809523
2 0.01953125 0.006388925666034048 0.0390625 0.01337216999867594
