0 0.25390625 0.04945054945054945 0.5078125 0.09084249084249084
6 0.00537109375 0.017216117216117217 0.0107421875 0.0380952380952381
5 0.00537109375 0.01098901098901099 0.0107421875 0.01978021978021978
6 0.01220703125 0.019413919413919414 0.0244140625 0.005860805860805861
6 0.00537109375 0.009523809523809525 0.0107421875 0.020512820512820513
6 0.005859375 0.010622710622710623 0.01171875 0.020512820512820513
6 0.00634765625 0.008424908424908424 0.0126953125 0.02271062271062271
2 0.00732421875 0.00989010989010989 0.0146484375 0.01978021978021978
5 0.00732421875 0.008791208791208791 0.0146484375 0.01978021978021978
5 0.00830078125 0.01098901098901099 0.0166015625 0.01904761904761905
5 0.00830078125 0.009523809523809525 0.0166015625 0.01978021978021978
5 0.0087890625 0.009523809523809525 0.017578125 0.018315018315018316
5 0.009765625 0.010622710622710623 0.01953125 0.021245421245421246
5 0.00927734375 0.010256410256410256 0.0185546875 0.01904761904761905
5 0.009765625 0.00989010989010989 0.01953125 0.01904761904761905
5 0.009765625 0.009157509157509158 0.01953125 0.01904761904761905
5 0.01025390625 0.009523809523809525 0.0205078125 0.01904761904761905
5 0.01171875 0.008424908424908424 0.0234375 0.021245421245421246
5 0.01171875 0.010622710622710623 0.0234375 0.01904761904761905
5 0.01220703125 0.010256410256410256 0.0244140625 0.021245421245421246
5 0.013671875 0.01575091575091575 0.02734375 0.0336996336996337
5 0.013671875 0.01904761904761905 0.02734375 0.046153846153846156
6 0.00341796875 0.010256410256410256 0.0068359375 0.01904761904761905
0 0.0166015625 0.08681318681318681 0.033203125 0.14505494505494507
6 0.00537109375 0.01098901098901099 0.0107421875 0.021245421245421246
6 0.00390625 0.010256410256410256 0.0078125 0.02197802197802198
