2 0.05787545787545788 0.05810546875 0.11575091575091576 0.1201171875
0 0.20695970695970695 0.06298828125 0.4139194139194139 0.1181640625
2 0.02161172161172161 0.00830078125 0.04322344322344322 0.0166015625
2 0.02454212454212454 0.00732421875 0.04908424908424908 0.0146484375
0 0.024175824175824177 0.01318359375 0.04835164835164835 0.029296875
2 0.034432234432234435 0.01611328125 0.06886446886446887 0.0341796875
2 0.028205128205128206 0.01904296875 0.05641025641025641 0.0380859375
0 0.11501831501831501 0.02392578125 0.23003663003663002 0.044921875
2 0.023443223443223443 0.0087890625 0.046886446886446886 0.0166015625
2 0.0380952380952381 0.01416015625 0.0761904761904762 0.1279296875
2 0.02857142857142857 0.01513671875 0.05714285714285714 0.0712890625
