5 0.020879120879120878 0.0107421875 0.041758241758241756 0.0244140625
0 0.12124542124542124 0.02392578125 0.2424908424908425 0.048828125
0 0.12014652014652015 0.08349609375 0.2402930402930403 0.1708984375
0 0.04395604395604396 0.017578125 0.08791208791208792 0.068359375
0 0.16813186813186815 0.052734375 0.3362637362637363 0.099609375
2 0.011355311355311355 0.0068359375 0.02271062271062271 0.01171875
2 0.01575091575091575 0.0078125 0.0315018315018315 0.01171875
2 0.03076923076923077 0.01318359375 0.06153846153846154 0.0234375
2 0.023076923076923078 0.0126953125 0.046153846153846156 0.0234375
2 0.01575091575091575 0.00927734375 0.0315018315018315 0.017578125
2 0.01904761904761905 0.0087890625 0.0380952380952381 0.0146484375
0 0.026373626373626374 0.01220703125 0.05274725274725275 0.0244140625
0 0.04358974358974359 0.0126953125 0.08717948717948718 0.025390625
0 0.04249084249084249 0.013671875 0.08498168498168499 0.025390625
0 0.041025641025641026 0.01123046875 0.08205128205128205 0.0234375
5 0.03296703296703297 0.01171875 0.06593406593406594 0.0244140625
5 0.03333333333333333 0.0126953125 0.06666666666666667 0.0234375
5 0.031135531135531136 0.01171875 0.06227106227106227 0.0224609375
5 0.02271062271062271 0.01220703125 0.04542124542124542 0.0258969907407407
5 0.022344322344322345 0.01171875 0.04468864468864469 0.0234375
2 0.045787545787545784 0.01123046875 0.09157509157509157 0.0224609375
2 0.0663003663003663 0.015625 0.1326007326007326 0.029296875
2 0.047619047619047616 0.0166015625 0.09523809523809523 0.0341796875
2 0.02893772893772894 0.01513671875 0.05787545787545788 0.029296875
2 0.02783882783882784 0.015625 0.05567765567765568 0.03125
5 0.0029304029304029304 0.02734375 0.005860805860805861 0.0498046875
