6 0.01171875 0.007326007326007326 0.0234375 0.014652014652014652
6 0.01220703125 0.007326007326007326 0.0244140625 0.015384615384615385
6 0.015625 0.012454212454212455 0.03125 0.02490842490842491
2 0.09765625 0.01575091575091575 0.1953125 0.03076923076923077
2 0.03515625 0.12364046210200057 0.0703125 0.24891518737672585
0 0.03271484375 0.11318681318681319 0.0654296875 0.23076923076923078
5 -0.00048828125 0.015018315018315019 -0.0009765625 0.0315018315018315
5 0.0029296875 0.020879120879120878 0.005859375 0.02783882783882784
6 0.0126953125 0.00695970695970696 0.025390625 0.014652014652014652
6 0.01123046875 0.006593406593406593 0.0224609375 0.014652014652014652
6 0.0078125 0.004395604395604396 0.015625 0.008791208791208791
0 0.0634765625 0.23772893772893772 0.126953125 0.5003663003663004
2 0.064453125 0.01575091575091575 0.12890625 0.0315018315018315
2 0.0234375 0.00695970695970696 0.046875 0.014652014652014652
2 0.0244140625 0.008424908424908424 0.048828125 0.014652014652014652
2 0.041015625 0.007692307692307693 0.08203125 0.014652014652014652
