4 0.00927734375 0.00695970695970696 0.0185546875 0.01391941391941392
4 0.00927734375 0.00695970695970696 0.0185546875 0.01391941391941392
4 0.00927734375 0.007326007326007326 0.0185546875 0.014652014652014652
4 0.00927734375 0.007692307692307693 0.0185546875 0.01611721611721612
5 0.0634765625 0.005860805860805861 0.126953125 0.013186813186813187
5 0.005859375 0.0014652014652014652 0.01171875 0.0029304029304029304
6 0.01171875 0.007326007326007326 0.0234375 0.015384615384615385
5 0.00390625 0.0029304029304029304 0.0078125 0.005860805860805861
5 0.00732421875 0.0029304029304029304 0.0146484375 0.005860805860805861
5 0.00830078125 0.002197802197802198 0.0166015625 0.004395604395604396
5 0.0068359375 0.002197802197802198 0.013671875 0.003663003663003663
5 0.00634765625 0.0014652014652014652 0.0126953125 0.003663003663003663
5 0.00146484375 0.005860805860805861 0.0029296875 0.011721611721611722
5 0.00732421875 0.001098901098901099 0.0146484375 0.0029304029304029304
2 0.00732421875 0.003663003663003663 0.0146484375 0.005860805860805861
0 0.02587890625 0.007692307692307693 0.0517578125 0.01684981684981685
0 0.00439453125 0.00805860805860806 0.0087890625 0.01684981684981685
0 0.041015625 0.15897435897435896 0.08203125 0.3516483516483517
0 0.03759765625 0.014652014652014652 0.0751953125 0.02490842490842491
0 0.095703125 0.026373626373626374 0.19140625 0.047619047619047616
0 0.0234375 0.009523809523809525 0.046875 0.01684981684981685
0 0.02587890625 0.008791208791208791 0.0517578125 0.017582417582417582
0 0.029296875 0.00989010989010989 0.05859375 0.020512820512820513
6 0.00927734375 0.004761904761904762 0.0185546875 0.008791208791208791
5 0.00830078125 0.02161172161172161 0.0166015625 0.04395604395604396
0 0.02490234375 0.005860805860805861 0.0498046875 0.010256410256410256
0 0.0078125 0.031868131868131866 0.015625 0.063003663003663
6 0.0078125 0.0029304029304029304 0.015625 0.006593406593406593
6 0.01806640625 0.10695970695970695 0.0361328125 0.23296703296703297
0 0.02490234375 0.01391941391941392 0.0498046875 0.03223443223443224
6 0.0087890625 0.012454212454212455 0.017578125 0.02857142857142857
2 0.0078125 0.01575091575091575 0.015625 0.04249084249084249
2 0.013671875 0.005860805860805861 0.02734375 0.00805860805860806
2 0.00927734375 0.017216117216117217 0.0185546875 0.026373626373626374
6 0.00732421875 0.019413919413919414 0.0146484375 0.03663003663003663
5 0.00244140625 0.010256410256410256 0.0048828125 0.021245421245421246
5 0.01611328125 0.002197802197802198 0.0322265625 0.003663003663003663
6 0.01513671875 0.013186813186813187 0.0302734375 0.02490842490842491
5 0.00390625 0.0029304029304029304 0.0078125 0.006593406593406593
5 0.00341796875 0.0032967032967032967 0.0068359375 0.006593406593406593
5 0.005859375 0.0032967032967032967 0.01171875 0.006593406593406593
5 0.005859375 0.0029304029304029304 0.01171875 0.005860805860805861
0 0.00537109375 0.00402930402930403 0.0107421875 0.005860805860805861
5 0.0087890625 0.003663003663003663 0.017578125 0.006593406593406593
5 0.01953125 0.003663003663003663 0.0390625 0.006593406593406593
5 0.01953125 0.0032967032967032967 0.0390625 0.006593406593406593
5 0.01953125 0.0032967032967032967 0.0390625 0.006593406593406593
5 0.02001953125 0.0032967032967032967 0.0400390625 0.007326007326007326
5 0.01904296875 0.0032967032967032967 0.0380859375 0.007326007326007326
5 0.01953125 0.003663003663003663 0.0390625 0.006593406593406593
5 0.02001953125 0.0029304029304029304 0.0400390625 0.007326007326007326
5 0.00439453125 0.00989010989010989 0.0087890625 0.020512820512820513
5 0.00390625 0.01611721611721612 0.0078125 0.03296703296703297
5 0.00244140625 0.02271062271062271 0.0048828125 0.04395604395604396
6 0.0126953125 0.016483516483516484 0.025390625 0.034432234432234435
0 0.00732421875 0.004761904761904762 0.0146484375 0.010256410256410256
0 0.00830078125 0.005128205128205128 0.0166015625 0.008791208791208791
5 0.00830078125 0.002564102564102564 0.0166015625 0.004395604395604396
6 0.01416015625 0.01391941391941392 0.0283203125 0.02783882783882784
