0 0.0087890625 0.05897435897435897 0.017578125 0.11794871794871795
0 0.0087890625 0.05897435897435897 0.017578125 0.11794871794871795
2 0.0224609375 0.00402930402930403 0.044921875 0.006593406593406593
2 0.0400390625 0.02600732600732601 0.080078125 0.054212454212454214
6 0.013671875 0.015018315018315019 0.02734375 0.030036630036630037
2 0.0068359375 0.002564102564102564 0.013671875 0.005860805860805861
2 0.0068359375 0.002197802197802198 0.013671875 0.004395604395604396
2 0.00732421875 0.0029304029304029304 0.0146484375 0.005128205128205128
2 0.00634765625 0.0029304029304029304 0.0126953125 0.005128205128205128
2 0.00634765625 0.002564102564102564 0.0126953125 0.005860805860805861
2 0.00634765625 0.0029304029304029304 0.0126953125 0.004395604395604396
5 0.00732421875 0.0018315018315018315 0.0146484375 0.005128205128205128
5 0.00830078125 0.002197802197802198 0.0166015625 0.003663003663003663
5 0.0078125 0.0018315018315018315 0.015625 0.004395604395604396
5 0.00830078125 0.0014652014652014652 0.0166015625 0.003663003663003663
5 0.00830078125 0.0018315018315018315 0.0166015625 0.003663003663003663
5 0.0078125 0.0018315018315018315 0.015625 0.005128205128205128
0 0.0107421875 0.013186813186813187 0.021484375 0.02564102564102564
0 0.01025390625 0.01282051282051282 0.0205078125 0.02490842490842491
0 0.0087890625 0.05897435897435897 0.017578125 0.11794871794871795
0 0.00830078125 0.056043956043956046 0.0166015625 0.11282051282051282
0 0.0087890625 0.056043956043956046 0.017578125 0.11208791208791209
0 0.0078125 0.05641025641025641 0.015625 0.11282051282051282
0 0.00830078125 0.056043956043956046 0.0166015625 0.11282051282051282
0 0.05029296875 0.010256410256410256 0.1005859375 0.020512820512820513
0 0.0302734375 0.011721611721611722 0.060546875 0.024175824175824177
0 0.009765625 0.06190476190476191 0.01953125 0.12454212454212454
0 0.00927734375 0.06227106227106227 0.0185546875 0.12527472527472527
0 0.01025390625 0.06190476190476191 0.0205078125 0.12380952380952381
0 0.01123046875 0.01282051282051282 0.0224609375 0.02490842490842491
0 0.0107421875 0.047619047619047616 0.021484375 0.0945054945054945
0 0.01123046875 0.04725274725274725 0.0224609375 0.0945054945054945
0 0.0302734375 0.01098901098901099 0.060546875 0.021245421245421246
0 0.044921875 0.011721611721611722 0.08984375 0.023443223443223443
0 0.021484375 0.006593406593406593 0.04296875 0.013186813186813187
2 0.0419921875 0.0062271062271062275 0.083984375 0.011721611721611722
0 0.26416015625 0.027472527472527472 0.5283203125 0.054945054945054944
0 0.06689453125 0.005860805860805861 0.1337890625 0.011721611721611722
5 0.00634765625 0.10915750915750916 0.0126953125 0.23223443223443224
6 0.00830078125 0.020146520146520148 0.0166015625 0.03882783882783883
0 0.0107421875 0.06227106227106227 0.021484375 0.12454212454212454
3 0.0400390625 0.011721611721611722 0.080078125 0.023443223443223443
5 0.02001953125 0.0014652014652014652 0.0400390625 0.0029304029304029304
6 0.021484375 0.00402930402930403 0.04296875 0.00805860805860806
0 0.0087890625 0.05897435897435897 0.017578125 0.11648351648351649
0 0.0087890625 0.05897435897435897 0.017578125 0.11794871794871795
0 0.01025390625 0.05714285714285714 0.0205078125 0.11428571428571428
6 0.0087890625 0.00989010989010989 0.017578125 0.01978021978021978
6 0.0087890625 0.00989010989010989 0.017578125 0.020512820512820513
5 0.004245923913043459 0.007697616393268567 0.008491847826086918 0.01327175240218718
