2 0.018315018315018316 0.033203125 0.03663003663003663 0.0458984375
0 0.02673992673992674 0.01220703125 0.05347985347985348 0.0458984375
0 0.023443223443223443 0.0107421875 0.046886446886446886 0.021484375
2 0.045787545787545784 0.0205078125 0.09157509157509157 0.0341796875
2 0.050183150183150185 0.01025390625 0.10036630036630037 0.041015625
0 0.015018315018315019 0.04833984375 0.030036630036630037 0.107421875
0 0.1021978021978022 0.076171875 0.2043956043956044 0.1591796875
0 0.10732600732600732 0.07763671875 0.21465201465201464 0.1728515625
2 0.07326007326007326 0.09130859375 0.14652014652014653 0.1826171875
5 0.004395604395604396 0.02294921875 0.008791208791208791 0.041015625
0 0.04322344322344322 0.02490234375 0.08644688644688645 0.0478515625
