6 0.01171875 0.10293040293040293 0.0234375 0.20512820512820512
0 0.06005859375 0.22014652014652014 0.1201171875 0.4307692307692308
6 0.0146484375 0.11648351648351649 0.029296875 0.23003663003663002
4 0.01171875 0.01575091575091575 0.0234375 0.03076923076923077
5 0.09033203125 0.008424908424908424 0.1806640625 0.023443223443223443
5 0.0888671875 0.01282051282051282 0.177734375 0.035897435897435895
5 0.0615234375 0.02271062271062271 0.123046875 0.03076923076923077
2 0.03173828125 0.02271062271062271 0.0634765625 0.046153846153846156
2 0.02294921875 0.06666666666666667 0.0458984375 0.13333333333333333
2 0.01708984375 0.025274725274725275 0.0341796875 0.05201465201465202
