2 0.04345703125 0.01575091575091575 0.0869140625 0.02783882783882784
5 0.01220703125 0.008424908424908424 0.0244140625 0.014652014652014652
0 0.06640625 0.02197802197802198 0.1328125 0.04322344322344322
5 0.02880859375 0.007692307692307693 0.0576171875 0.01611721611721612
2 0.0126953125 0.01575091575091575 0.025390625 0.0315018315018315
6 0.00830078125 0.011721611721611722 0.0166015625 0.024175824175824177
2 0.01904296875 0.01978021978021978 0.0380859375 0.03736263736263736
3 0.07776929842715231 0.006428450137059413 0.15553859685430463 0.015384615384615385
6 0.0146484375 0.10183150183150183 0.029296875 0.19706959706959706
5 0.0068359375 0.006593406593406593 0.013671875 0.015384615384615385
5 0.041015625 0.010256410256410256 0.08203125 0.017582417582417582
2 0.01904296875 0.01978021978021978 0.0380859375 0.035897435897435895
2 0.01123046875 0.01575091575091575 0.0224609375 0.02783882783882784
0 0.02392578125 0.09010989010989011 0.0478515625 0.17655677655677657
0 0.02392578125 0.011355311355311355 0.0478515625 0.023443223443223443
0 0.0234375 0.01098901098901099 0.046875 0.02197802197802198
0 0.02197265625 0.011721611721611722 0.0439453125 0.02197802197802198
5 0.0068359375 0.00695970695970696 0.013671875 0.014652014652014652
0 0.0087890625 0.0945054945054945 0.017578125 0.18608058608058609
6 0.01372029958677684 0.0281536645173009 0.02744059917355368 0.05388550843096306
