5 0.017578125 0.0029304029304029304 0.03515625 0.007326007326007326
5 0.00537109375 0.012087912087912088 0.0107421875 0.02490842490842491
2 0.015625 0.0062271062271062275 0.03125 0.01391941391941392
2 0.0185546875 0.008424908424908424 0.037109375 0.01684981684981685
0 0.0341796875 0.0663003663003663 0.068359375 0.13406593406593406
0 0.396484375 0.0706959706959707 0.79296875 0.1443223443223443
2 0.037109375 0.026373626373626374 0.07421875 0.05567765567765568
5 0.01611328125 0.00402930402930403 0.0322265625 0.00805860805860806
6 0.0224609375 0.020512820512820513 0.044921875 0.041758241758241756
5 0.00634765625 0.014285714285714285 0.0126953125 0.02857142857142857
