5 0.00927734375 0.0032967032967032967 0.0185546875 0.006593406593406593
0 0.025390625 0.004395604395604396 0.05078125 0.009523809523809525
0 0.06103515625 0.1978021978021978 0.1220703125 0.3941391941391941
0 0.06103515625 0.19487179487179487 0.1220703125 0.389010989010989
0 0.06298828125 0.22783882783882783 0.1259765625 0.4593406593406593
0 0.0625 0.22747252747252747 0.125 0.45494505494505494
0 0.04052734375 0.012087912087912088 0.0810546875 0.024175824175824177
0 0.06298828125 0.005128205128205128 0.1259765625 0.009523809523809525
5 0.00537109375 0.017216117216117217 0.0107421875 0.03223443223443224
0 0.01708984375 0.004761904761904762 0.0341796875 0.010256410256410256
0 0.02685546875 0.004395604395604396 0.0537109375 0.009523809523809525
2 0.01904296875 0.0029304029304029304 0.0380859375 0.009523809523809525
0 0.0078125 0.0315018315018315 0.015625 0.06227106227106227
0 0.0068359375 0.004761904761904762 0.013671875 0.010256410256410256
5 0.00927734375 0.0032967032967032967 0.0185546875 0.010256410256410256
5 0.01416015625 0.0007326007326007326 0.0283203125 0.002197802197802198
5 0.00390625 0.004761904761904762 0.0078125 0.00805860805860806
5 0.02197265625 0.002564102564102564 0.0439453125 0.006593406593406593
5 0.02099609375 0.002197802197802198 0.0419921875 0.003663003663003663
6 0.00439453125 0.00402930402930403 0.0087890625 0.00805860805860806
2 0.0458984375 0.01282051282051282 0.091796875 0.024175824175824177
5 0.0078125 0.0032967032967032967 0.015625 0.007326007326007326
5 0.0078125 0.002197802197802198 0.015625 0.005128205128205128
5 0.00927734375 0.002197802197802198 0.0185546875 0.005128205128205128
5 0.0078125 0.0029304029304029304 0.015625 0.005860805860805861
6 0.005859375 0.0029304029304029304 0.01171875 0.005860805860805861
5 0.00634765625 0.0062271062271062275 0.0126953125 0.012454212454212455
5 0.0078125 0.002564102564102564 0.015625 0.005128205128205128
5 0.0078125 0.002197802197802198 0.015625 0.004395604395604396
5 0.01171875 0.0018315018315018315 0.0234375 0.0029304029304029304
5 0.0048828125 0.0014652014652014652 0.009765625 0.0029304029304029304
5 0.00244140625 0.0014652014652014652 0.0048828125 0.002197802197802198
5 0.00244140625 0.007326007326007326 0.0048828125 0.015384615384615385
2 0.00341796875 0.002564102564102564 0.0068359375 0.005860805860805861
5 0.01123046875 0.0018315018315018315 0.0224609375 0.003663003663003663
6 0.0078125 0.00989010989010989 0.015625 0.01904761904761905
5 0.009765625 0.0032967032967032967 0.01953125 0.005128205128205128
2 0.001953125 0.0029304029304029304 0.00390625 0.005860805860805861
5 0.0087890625 0.003663003663003663 0.017578125 0.007326007326007326
6 0.02001953125 0.007326007326007326 0.0400390625 0.013186813186813187
