2 0.017216117216117217 0.00830078125 0.034432234432234435 0.017578125
2 0.01904761904761905 0.00927734375 0.0380952380952381 0.01953125
2 0.025274725274725275 0.0146484375 0.05054945054945055 0.029296875
5 0.04468864468864469 0.0146484375 0.08937728937728938 0.029296875
0 0.021245421245421246 0.0166015625 0.04249084249084249 0.033203125
2 0.05384615384615385 0.013671875 0.1076923076923077 0.029296875
2 0.05641025641025641 0.02587890625 0.11282051282051282 0.0517578125
2 0.06043956043956044 0.02587890625 0.12087912087912088 0.0517578125
0 0.13223443223443224 0.05859375 0.2644688644688645 0.1083984375
6 0.010622710622710623 0.01513671875 0.021245421245421246 0.029296875
5 0.01684981684981685 0.009765625 0.0336996336996337 0.0185546875
2 0.01868131868131868 0.0087890625 0.03736263736263736 0.017578125
6 0.02971870896399196 0.022801813089622647 0.05943741792798392 0.04744619693396235
6 0.056261820967703303 0.024573631535947715 0.11252364193540661 0.04212622549019607
6 0.011491776197658551 0.016276041666666685 0.022983552395317103 0.03382863562091509
