0 0.02161172161172161 0.01025390625 0.04322344322344322 0.0185546875
2 0.03406593406593406 0.00927734375 0.06813186813186813 0.0185546875
2 0.02783882783882784 0.009765625 0.05567765567765568 0.01953125
2 0.004761904761904762 0.01025390625 0.009523809523809525 0.01953125
2 0.03956043956043956 0.009765625 0.07912087912087912 0.0185546875
0 0.020879120879120878 0.009765625 0.041758241758241756 0.0205078125
0 0.02271062271062271 0.01025390625 0.04542124542124542 0.021484375
0 0.03406593406593406 0.01025390625 0.06813186813186813 0.021484375
0 0.03223443223443224 0.0107421875 0.06446886446886448 0.0224609375
0 0.034432234432234435 0.01123046875 0.06886446886446887 0.0224609375
0 0.02967032967032967 0.01171875 0.05934065934065934 0.0244140625
0 0.03076923076923077 0.01171875 0.06153846153846154 0.0244140625
0 0.031135531135531136 0.01025390625 0.06227106227106227 0.0205078125
0 0.02161172161172161 0.01025390625 0.04322344322344322 0.01953125
4 0.006593406593406593 0.01025390625 0.013186813186813187 0.0205078125
0 0.028205128205128206 0.01171875 0.05641025641025641 0.0234375
0 0.02893772893772894 0.01171875 0.05787545787545788 0.0234375
2 0.051648351648351645 0.07177734375 0.10329670329670329 0.142578125
5 0.02271062271062271 0.00634765625 0.04542124542124542 0.0126953125
0 0.02454212454212454 0.01123046875 0.04908424908424908 0.021484375
0 0.01282051282051282 0.0107421875 0.02564102564102564 0.0224609375
2 0.004761904761904762 0.0087890625 0.009523809523809525 0.0185546875
5 0.01575091575091575 0.005859375 0.0315018315018315 0.0126953125
3 0.011721611721611722 0.01025390625 0.023443223443223443 0.01953125
0 0.029304029304029304 0.01171875 0.05860805860805861 0.0244140625
0 0.12014652014652015 0.044921875 0.2402930402930403 0.095703125
0 0.12417582417582418 0.0498046875 0.24835164835164836 0.1103515625
0 0.09194139194139195 0.02197265625 0.1838827838827839 0.0478515625
