5 0.03955078125 0.00805860805860806 0.0791015625 0.018315018315018316
5 0.03173828125 0.01098901098901099 0.0634765625 0.01978021978021978
6 0.107421875 0.015384615384615385 0.21484375 0.03076923076923077
6 0.02783203125 0.0 0.0556640625 0.0
0 0.13037109375 0.02161172161172161 0.2607421875 0.04322344322344322
5 0.10791015625 0.024175824175824177 0.2158203125 0.05054945054945055
2 0.03466796875 0.008791208791208791 0.0693359375 0.01904761904761905
2 0.03564453125 0.010256410256410256 0.0712890625 0.01978021978021978
0 0.0732421875 0.20732600732600734 0.146484375 0.4146520146520147
5 0.04150390625 0.01098901098901099 0.0830078125 0.01904761904761905
2 0.12890625 0.021245421245421246 0.2578125 0.04395604395604396
0 0.0595703125 0.011355311355311355 0.119140625 0.02271062271062271
