2 0.0211864406779661 0.0087890625 0.0423728813559322 0.0146484375
2 0.03130885122410546 0.0126953125 0.06261770244821092 0.0263671875
0 0.016713747645951037 0.021484375 0.033427495291902073 0.0419921875
2 0.033427495291902073 0.02392578125 0.06685499058380415 0.0439453125
2 0.041666666666666664 0.02978515625 0.08333333333333333 0.052734375
3 0.07580037664783427 0.0380859375 0.15160075329566855 0.0869140625
0 0.07862523540489642 0.046875 0.15725047080979285 0.09765625
6 0.017184557438794726 0.01708984375 0.03436911487758945 0.015625
0 0.13653483992467044 0.0849609375 0.2730696798493409 0.2001953125
0 0.019067796610169493 0.01220703125 0.038135593220338986 0.0341796875
2 0.012005649717514125 0.01025390625 0.02401129943502825 0.021484375
5 0.004755178907721291 0.00859374999999999 0.009510357815442582 0.016601562499999972
2 0.12311676082862523 0.03662109375 0.24623352165725046 0.0517578125
0 0.0769774011299435 0.0302734375 0.153954802259887 0.072265625
5 0.1431261770244821 0.00927734375 0.2862523540489642 0.0126953125
3 0.03036723163841808 0.02001953125 0.06073446327683616 0.04296875
