5 0.009530791788856305 0.08651026392961877 0.01906158357771261 0.16911045943304007
5 0.020527859237536656 0.005865102639296188 0.04105571847507331 0.011730205278592375
4 0.006964809384164223 0.015151515151515152 0.013929618768328446 0.033235581622678395
0 0.041788856304985335 0.011241446725317693 0.08357771260997067 0.022482893450635387
0 0.01686217008797654 0.010263929618768328 0.03372434017595308 0.019550342130987292
4 0.032991202346041054 0.039100684261974585 0.06598240469208211 0.09579667644183773
4 0.009897360703812317 0.015151515151515152 0.019794721407624633 0.030303030303030304
3 0.15395894428152493 0.04936461388074291 0.30791788856304986 0.10459433040078202
0 0.016495601173020527 0.010752688172043012 0.032991202346041054 0.019550342130987292
2 0.048020527859237536 0.010263929618768328 0.09604105571847507 0.022482893450635387
5 0.0186950146627566 0.004887585532746823 0.0373900293255132 0.009775171065493646
2 0.005131964809384164 0.011241446725317693 0.010263929618768328 0.022482893450635387
2 0.020894428152492667 0.011730205278592375 0.041788856304985335 0.021505376344086023
3 0.03409090909090909 0.2702834799608993 0.06818181818181818 0.5063538611925709
0 0.030677398556602422 0.07816670479676661 0.061354797113204844 0.1466275659824047
