0 0.00439453125 0.01904761904761905 0.0087890625 0.03882783882783883
2 0.0107421875 0.005860805860805861 0.021484375 0.011721611721611722
5 0.00830078125 0.0032967032967032967 0.0166015625 0.007326007326007326
2 0.0029296875 0.0032967032967032967 0.005859375 0.006593406593406593
2 0.0078125 0.003663003663003663 0.015625 0.00805860805860806
2 0.0029296875 0.003663003663003663 0.005859375 0.00805860805860806
0 0.0859375 0.013553113553113554 0.171875 0.02783882783882784
2 0.38037109375 0.04322344322344322 0.7607421875 0.0945054945054945
5 0.02392578125 0.0029304029304029304 0.0478515625 0.007326007326007326
5 0.01806640625 0.0029304029304029304 0.0361328125 0.007326007326007326
0 0.01953125 0.004395604395604396 0.0390625 0.010256410256410256
5 0.00830078125 0.002564102564102564 0.0166015625 0.003663003663003663
5 0.0166015625 0.0018315018315018315 0.033203125 0.004395604395604396
5 0.01123046875 0.03406593406593406 0.0224609375 0.06886446886446887
5 0.0234375 0.01978021978021978 0.046875 0.04322344322344322
5 0.0205078125 0.013186813186813187 0.041015625 0.023443223443223443
6 0.013671875 0.010256410256410256 0.02734375 0.017582417582417582
6 0.01220703125 0.008791208791208791 0.0244140625 0.01611721611721612
6 0.00732421875 0.007692307692307693 0.0146484375 0.01611721611721612
6 0.013671875 0.007692307692307693 0.02734375 0.015384615384615385
6 0.01806640625 0.00989010989010989 0.0361328125 0.01978021978021978
6 0.00537109375 0.003663003663003663 0.0107421875 0.007326007326007326
