0 0.009765625 0.03076923076923077 0.01953125 0.06153846153846154
0 0.01611328125 0.008791208791208791 0.0322265625 0.017582417582417582
0 0.0771484375 0.28315018315018314 0.154296875 0.5567765567765568
0 0.03173828125 0.014652014652014652 0.0634765625 0.02271062271062271
6 0.025390625 0.0062271062271062275 0.05078125 0.012454212454212455
5 0.00390625 0.007692307692307693 0.0078125 0.015384615384615385
0 0.00927734375 0.028205128205128206 0.0185546875 0.05567765567765568
5 0.02783203125 0.003663003663003663 0.0556640625 0.010256410256410256
5 0.02001953125 0.008424908424908424 0.0400390625 0.017582417582417582
5 0.00927734375 0.0029304029304029304 0.0185546875 0.005860805860805861
5 0.0087890625 0.00402930402930403 0.017578125 0.008791208791208791
5 0.0224609375 0.002197802197802198 0.044921875 0.004395604395604396
5 0.02783203125 0.013553113553113554 0.0556640625 0.02857142857142857
5 0.01171875 0.002564102564102564 0.0234375 0.006593406593406593
0 0.00634765625 0.011355311355311355 0.0126953125 0.02271062271062271
5 0.01123046875 0.0032967032967032967 0.0224609375 0.007326007326007326
5 0.00634765625 0.00805860805860806 0.0126953125 0.017582417582417582
4 0.01611328125 0.017948717948717947 0.0322265625 0.0336996336996337
5 0.009765625 0.0029304029304029304 0.01953125 0.007326007326007326
5 0.01025390625 0.0014652014652014652 0.0205078125 0.0029304029304029304
