0 0.013671875 0.036996336996337 0.02734375 0.07838827838827839
0 0.01611328125 0.036996336996337 0.0322265625 0.07252747252747253
0 0.01611328125 0.07655677655677656 0.0322265625 0.16117216117216118
0 0.01708984375 0.012454212454212455 0.0341796875 0.02197802197802198
0 0.01708984375 0.012087912087912088 0.0341796875 0.02490842490842491
0 0.0107421875 0.036996336996337 0.021484375 0.073992673992674
0 0.0107421875 0.03663003663003663 0.021484375 0.07179487179487179
5 0.0048828125 0.021245421245421246 0.009765625 0.04249084249084249
0 0.01171875 0.0062271062271062275 0.0234375 0.013186813186813187
2 0.04833984375 0.009157509157509158 0.0966796875 0.02197802197802198
0 0.06591796875 0.056776556776556776 0.1318359375 0.11868131868131868
0 0.13232421875 0.027472527472527472 0.2646484375 0.05641025641025641
0 0.1474609375 0.02893772893772894 0.294921875 0.054945054945054944
0 0.0703125 0.027472527472527472 0.140625 0.05201465201465202
0 0.10400390625 0.027472527472527472 0.2080078125 0.060073260073260075
0 0.10791015625 0.02783882783882784 0.2158203125 0.06227106227106227
6 0.00390625 0.004395604395604396 0.0078125 0.007326007326007326
0 0.009765625 0.0062271062271062275 0.01953125 0.01391941391941392
5 0.02783203125 0.003663003663003663 0.0556640625 0.008791208791208791
2 0.0107421875 0.006593406593406593 0.021484375 0.01611721611721612
0 0.00927734375 0.02857142857142857 0.0185546875 0.05274725274725275
0 0.005859375 0.02161172161172161 0.01171875 0.04249084249084249
2 0.02685546875 0.016483516483516484 0.0537109375 0.034432234432234435
