5 0.00927734375 0.014285714285714285 0.0185546875 0.02490842490842491
0 0.0087890625 0.004761904761904762 0.017578125 0.01098901098901099
6 0.00244140625 0.003663003663003663 0.0048828125 0.007326007326007326
0 0.01025390625 0.004395604395604396 0.0205078125 0.006593406593406593
5 0.0078125 0.003663003663003663 0.015625 0.00805860805860806
6 0.0078125 0.00989010989010989 0.015625 0.023443223443223443
5 0.01513671875 0.004761904761904762 0.0302734375 0.010256410256410256
0 0.1103515625 0.3230769230769231 0.220703125 0.6454212454212455
0 0.0126953125 0.00402930402930403 0.025390625 0.01098901098901099
4 0.015625 0.01904761904761905 0.03125 0.035164835164835165
4 0.00830078125 0.00695970695970696 0.0166015625 0.013186813186813187
0 0.02880859375 0.01098901098901099 0.0576171875 0.026373626373626374
0 0.01220703125 0.09230769230769231 0.0244140625 0.17582417582417584
