2 0.00695970695970696 0.00537109375 0.01391941391941392 0.009765625
5 0.013553113553113554 0.00341796875 0.027106227106227107 0.0078125
0 0.013553113553113554 0.0048828125 0.027106227106227107 0.009765625
2 0.01098901098901099 0.0107421875 0.02197802197802198 0.021484375
5 0.009523809523809525 0.0029296875 0.01904761904761905 0.005859375
5 0.012087912087912088 0.0029296875 0.024175824175824177 0.005859375
0 0.0032967032967032967 0.013671875 0.006593406593406593 0.02734375
0 0.21465201465201464 0.06103515625 0.4293040293040293 0.1318359375
0 0.15567765567765568 0.11181640625 0.31135531135531136 0.216796875
0 0.010256410256410256 0.0078125 0.020512820512820513 0.0146484375
