0 0.06509298998569385 0.04345703125 0.1301859799713877 0.0888671875
0 0.04220314735336195 0.0185546875 0.0844062947067239 0.033203125
5 0.01430615164520744 0.02734375 0.02861230329041488 0.052734375
5 0.003934191702432046 0.0576171875 0.007868383404864092 0.111328125
5 0.010014306151645207 0.00390625 0.020028612303290415 0.0068359375
5 0.011444921316165951 0.009765625 0.022889842632331903 0.01953125
5 0.009298998569384835 0.00439453125 0.01859799713876967 0.0087890625
5 0.006795422031473534 0.0068359375 0.013590844062947067 0.015625
6 0.006080114449213162 0.00927734375 0.012160228898426323 0.017578125
6 0.010371959942775394 0.0244140625 0.02074391988555079 0.05078125
5 0.00536480686695279 0.0322265625 0.01072961373390558 0.064453125
5 0.004649499284692418 0.00390625 0.009298998569384835 0.015625
5 0.005007153075822604 0.00439453125 0.010014306151645207 0.015625
5 0.004291845493562232 0.03173828125 0.008583690987124463 0.060546875
5 0.005007153075822604 0.03076171875 0.010014306151645207 0.0595703125
5 0.006080114449213162 0.0283203125 0.012160228898426323 0.0576171875
5 0.00357653791130186 0.02685546875 0.00715307582260372 0.0537109375
6 0.019313304721030045 0.03076171875 0.03862660944206009 0.0576171875
0 0.163447782546495 0.02880859375 0.32689556509299 0.0625
0 0.14484978540772533 0.0439453125 0.28969957081545067 0.0849609375
0 0.08190271816881259 0.041015625 0.16380543633762518 0.0791015625
0 0.08297567954220315 0.0390625 0.1659513590844063 0.076171875
0 0.19957081545064378 0.087890625 0.39914163090128757 0.1796875
0 0.17703862660944206 0.0732421875 0.3540772532188841 0.1591796875
