0 0.04736328125 0.017216117216117217 0.0947265625 0.034432234432234435
0 0.0478515625 0.01684981684981685 0.095703125 0.035164835164835165
0 0.11328125 0.028205128205128206 0.2265625 0.05347985347985348
0 0.04736328125 0.017948717948717947 0.0947265625 0.035897435897435895
0 0.119140625 0.050183150183150185 0.23828125 0.09377289377289377
0 0.1298828125 0.04249084249084249 0.259765625 0.09010989010989011
2 0.1572265625 0.019413919413919414 0.314453125 0.03736263736263736
3 0.12826072563559326 0.018315018315018316 0.25652145127118653 0.03882783882783883
0 0.1494140625 0.03626373626373627 0.298828125 0.07106227106227106
0 0.09228515625 0.017948717948717947 0.1845703125 0.03296703296703297
0 0.046875 0.017582417582417582 0.09375 0.0336996336996337
0 0.04638671875 0.01684981684981685 0.0927734375 0.03223443223443224
0 0.046875 0.016483516483516484 0.09375 0.034432234432234435
