0 0.0322265625 0.01684981684981685 0.064453125 0.0336996336996337
0 0.04931640625 0.01684981684981685 0.0986328125 0.034432234432234435
0 0.03564453125 0.017216117216117217 0.0712890625 0.0336996336996337
0 0.03759765625 0.017948717948717947 0.0751953125 0.035164835164835165
3 0.12286376953125 0.01098901098901099 0.2457275390625 0.01987179487179487
0 0.0712890625 0.03296703296703297 0.142578125 0.0695970695970696
0 0.1025390625 0.02783882783882784 0.205078125 0.05714285714285714
0 0.0263671875 0.013186813186813187 0.052734375 0.027106227106227107
0 0.03515625 0.01282051282051282 0.0703125 0.02490842490842491
0 0.02294921875 0.012454212454212455 0.0458984375 0.026373626373626374
0 0.0224609375 0.01282051282051282 0.044921875 0.026373626373626374
0 0.181640625 0.03956043956043956 0.36328125 0.0761904761904762
