0 0.2271062271062271 0.07373046875 0.4542124542124542 0.14453125
6 0.015018315018315019 0.00537109375 0.030036630036630037 0.009765625
6 0.13956043956043956 0.0126953125 0.27912087912087913 0.033203125
6 0.13782051282051283 0.0079345703125 0.27564102564102566 0.0224609375
6 0.00805860805860806 0.044921875 0.01611721611721612 0.080078125
6 0.007326007326007326 0.0 0.014652014652014652 0.263671875
5 0.00805860805860806 0.009765625 0.01611721611721612 0.0810546875
0 0.023809523809523808 0.0595703125 0.047619047619047616 0.1162109375
0 0.05201465201465202 0.0361328125 0.10402930402930403 0.076171875
0 0.05128205128205128 0.03759765625 0.10256410256410256 0.0751953125
0 0.07838827838827839 0.03955078125 0.15677655677655677 0.0791015625
0 0.05068574836016697 0.12604469476744184 0.10137149672033394 0.25095385174418605
