0 0.05615234375 0.10293040293040293 0.1123046875 0.20512820512820512
2 0.0185546875 0.05714285714285714 0.037109375 0.11575091575091576
2 0.01806640625 0.02564102564102564 0.0361328125 0.05201465201465202
3 0.02397341844512195 0.005860805860805861 0.0479468368902439 0.011435718752791913
0 0.0283203125 0.009523809523809525 0.056640625 0.01978021978021978
3 0.06888338414634149 0.018940409184311627 0.13776676829268297 0.046153846153846156
0 0.05908203125 0.019413919413919414 0.1181640625 0.03663003663003663
5 0.025390625 0.004395604395604396 0.05078125 0.007326007326007326
0 0.11376953125 0.03333333333333333 0.2275390625 0.0652014652014652
2 0.041015625 0.00695970695970696 0.08203125 0.012454212454212455
2 0.041015625 0.005128205128205128 0.08203125 0.011721611721611722
2 0.0244140625 0.008791208791208791 0.048828125 0.023443223443223443
6 0.13754401408450706 0.11246968993447867 0.2750880281690141 0.22493937986895735
