6 0.00390625 0.0 0.0078125 0.027106227106227107
5 -0.00048828125 0.02857142857142857 -0.0009765625 0.05934065934065934
5 0.0009765625 0.027106227106227107 0.001953125 0.05787545787545788
0 0.0517578125 0.1509157509157509 0.103515625 0.30622710622710625
0 0.02001953125 0.04358974358974359 0.0400390625 0.08498168498168499
0 0.021484375 0.0912087912087912 0.04296875 0.1824175824175824
0 0.015625 0.002197802197802198 0.03125 0.006593406593406593
2 0.020527742346938743 0.005457127906107465 0.041055484693877486 0.011362786872990954
2 0.026805644132653073 0.005307617552515512 0.053611288265306145 0.010316214397847037
2 0.0527144451530612 0.007176496972415374 0.1054288903061224 0.014352993944830748
