0 0.07275390625 0.01978021978021978 0.1455078125 0.035164835164835165
0 0.02685546875 0.009523809523809525 0.0537109375 0.020512820512820513
0 0.02685546875 0.00989010989010989 0.0537109375 0.021245421245421246
0 0.08056640625 0.01684981684981685 0.1611328125 0.0336996336996337
5 0.021484375 0.00402930402930403 0.04296875 0.00805860805860806
5 0.015625 0.01684981684981685 0.03125 0.03296703296703297
6 0.01318359375 0.009157509157509158 0.0263671875 0.01904761904761905
0 0.2685546875 0.023076923076923078 0.537109375 0.04835164835164835
0 0.09130859375 0.02893772893772894 0.1826171875 0.05787545787545788
4 0.0107421875 0.01098901098901099 0.021484375 0.02271062271062271
3 0.048856187140804586 0.005262936297419115 0.09771237428160917 0.013447854827165342
2 0.01416015625 0.00695970695970696 0.0283203125 0.011721611721611722
0 0.09423828125 0.014652014652014652 0.1884765625 0.029304029304029304
2 0.06396484375 0.03736263736263736 0.1279296875 0.07179487179487179
0 0.048828125 0.02161172161172161 0.09765625 0.04322344322344322
0 0.26416015625 0.06190476190476191 0.5283203125 0.126007326007326
0 0.1240234375 0.016483516483516484 0.248046875 0.035897435897435895
3 0.018650098778735635 0.011157424950528409 0.03730019755747127 0.023443223443223443
6 0.01318359375 0.009157509157509158 0.0263671875 0.01904761904761905
