0 0.0322265625 0.01575091575091575 0.064453125 0.02857142857142857
0 0.02880859375 0.007326007326007326 0.0576171875 0.015384615384615385
0 0.03857421875 0.045054945054945054 0.0771484375 0.09084249084249084
0 0.037109375 0.041758241758241756 0.07421875 0.08351648351648351
5 0.00390625 0.008791208791208791 0.0078125 0.017582417582417582
5 0.0126953125 0.002564102564102564 0.025390625 0.005860805860805861
5 0.00927734375 0.006593406593406593 0.0185546875 0.01391941391941392
5 0.0146484375 0.007692307692307693 0.029296875 0.014652014652014652
2 0.02294921875 0.014285714285714285 0.0458984375 0.0009141185611773847
6 0.03759765625 0.046886446886446886 0.0751953125 0.09743589743589744
0 0.025390625 0.02197802197802198 0.05078125 0.04542124542124542
2 0.005859375 0.02161172161172161 0.01171875 0.04322344322344322
5 0.005859375 0.004761904761904762 0.01171875 0.008791208791208791
5 0.00537109375 0.002197802197802198 0.0107421875 0.004395604395604396
5 0.0078125 0.002197802197802198 0.015625 0.004395604395604396
5 0.00634765625 0.005494505494505495 0.0126953125 0.013186813186813187
5 0.00830078125 0.007326007326007326 0.0166015625 0.015384615384615385
6 0.01611328125 0.0018315018315018315 0.0322265625 0.01098901098901099
6 0.0126953125 0.01978021978021978 0.025390625 0.01098901098901099
5 0.01318359375 0.01575091575091575 0.0263671875 0.02857142857142857
0 0.0234375 0.02454212454212454 0.046875 0.04908424908424908
0 0.0322265625 0.01611721611721612 0.064453125 0.03076923076923077
0 0.03173828125 0.01575091575091575 0.0634765625 0.029304029304029304
2 0.01953125 0.0689051689051689 0.0390625 0.143996743996744
