0 0.023377529658060014 0.01953125 0.04675505931612003 0.0400390625
0 0.06769016050244243 0.02587890625 0.13538032100488487 0.052734375
2 0.2768758952510376 0.0283203125 0.5537517905020752 0.06373355263157898
0 0.43545010467550593 0.0576171875 0.8709002093510119 0.1787109375
0 0.09769713886950454 0.08251953125 0.19539427773900908 0.1787109375
3 0.03035589672016748 0.01025390625 0.06071179344033496 0.021484375
3 0.19399860432658758 0.0556640625 0.38799720865317516 0.1533203125
0 0.04012561060711793 0.01953125 0.08025122121423586 0.0361328125
6 0.022679692951849267 0.05126953125 0.045359385903698535 0.064453125
0 0.04815073272854152 0.02685546875 0.09630146545708304 0.0556640625
5 0.0052337752965806 0.02197265625 0.0104675505931612 0.0400390625
0 0.0024424284717376133 0.0166015625 0.004884856943475227 0.03125
5 0.00314026517794836 0.01513671875 0.00628053035589672 0.0302734375
0 0.01988834612700628 0.0205078125 0.03977669225401256 0.0439453125
0 0.021284019539427775 0.02197265625 0.04256803907885555 0.0419921875
