0 0.2236328125 0.08168498168498169 0.447265625 0.13992673992673993
0 0.048828125 0.15677655677655677 0.09765625 0.3142857142857143
0 0.0556640625 0.01611721611721612 0.111328125 0.060073260073260075
5 0.00927734375 0.0032967032967032967 0.0185546875 0.006593406593406593
5 0.00927734375 0.00402930402930403 0.0185546875 0.006593406593406593
0 0.04541015625 0.012087912087912088 0.0908203125 0.02490842490842491
2 0.0087890625 0.023809523809523808 0.017578125 0.06153846153846154
2 0.03076171875 0.008424908424908424 0.0615234375 0.020512820512820513
2 0.015625 0.05641025641025641 0.03125 0.10183150183150183
2 0.12939453125 0.01611721611721612 0.2587890625 0.034432234432234435
