2 0.012087912087912088 0.0126953125 0.024175824175824177 0.0263671875
2 0.01391941391941392 0.0048828125 0.02783882783882784 0.0087890625
4 0.0032967032967032967 0.00537109375 0.006593406593406593 0.0107421875
5 0.003663003663003663 0.0107421875 0.007326007326007326 0.0205078125
6 0.04468864468864469 0.00537109375 0.08937728937728938 0.009765625
0 0.014652014652014652 0.009765625 0.029304029304029304 0.01953125
0 0.4197802197802198 0.1298828125 0.8395604395604396 0.2734375
0 0.044322344322344324 0.0185546875 0.08864468864468865 0.03515625
0 0.009157509157509158 0.0205078125 0.018315018315018316 0.041015625
2 0.07802197802197802 0.0244140625 0.15604395604395604 0.0517578125
