6 0.008791208791208791 0.1015625 0.017582417582417582 0.2001953125
0 0.021245421245421246 0.01123046875 0.04249084249084249 0.0205078125
4 0.007326007326007326 0.01904296875 0.014652014652014652 0.033203125
0 0.11465201465201465 0.0634765625 0.2293040293040293 0.115234375
2 0.17802197802197803 0.03662109375 0.35604395604395606 0.05859375
0 0.2531135531135531 0.04345703125 0.5062271062271062 0.068359375
3 0.05347985347985348 0.011905751329787245 0.10695970695970695 0.025390625
6 0.005860805860805861 0.0048828125 0.011721611721611722 0.009765625
0 0.020146520146520148 0.00927734375 0.040293040293040296 0.0185546875
0 0.004395604395604396 0.01513671875 0.008791208791208791 0.0322265625
5 0.011355311355311355 0.0048828125 0.02271062271062271 0.0107421875
2 0.007692307692307693 0.0087890625 0.015384615384615385 0.0166015625
5 0.01098901098901099 0.00390625 0.02197802197802198 0.0087890625
5 0.005128205128205128 0.00537109375 0.010256410256410256 0.0107421875
5 0.014652014652014652 0.00537109375 0.029304029304029304 0.0146484375
5 0.01098901098901099 0.00634765625 0.02197802197802198 0.0126953125
5 0.013186813186813187 0.00634765625 0.026373626373626374 0.013671875
6 0.004761904761904762 0.00537109375 0.009523809523809525 0.0107421875
5 0.01575091575091575 0.00537109375 0.0315018315018315 0.0107421875
6 0.009523809523809525 0.03076171875 0.01904761904761905 0.0712890625
0 0.005860805860805861 0.0439453125 0.011721611721611722 0.0908203125
0 0.0032967032967032967 0.01953125 0.006593406593406593 0.0400390625
4 0.00402930402930403 0.0107421875 0.00805860805860806 0.0205078125
0 0.007326007326007326 0.00732421875 0.014652014652014652 0.0146484375
0 0.01978021978021978 0.0126953125 0.03956043956043956 0.0263671875
