0 0.16015625 0.05054945054945055 0.3203125 0.09963369963369964
0 0.0361328125 0.020512820512820513 0.072265625 0.041758241758241756
0 0.1455078125 0.05311355311355311 0.291015625 0.10622710622710622
2 0.041015625 0.03333333333333333 0.08203125 0.06153846153846154
2 0.05712890625 0.010622710622710623 0.1142578125 0.021245421245421246
2 0.060546875 0.01098901098901099 0.12109375 0.021245421245421246
0 0.03662109375 0.020146520146520148 0.0732421875 0.041025641025641026
2 0.0634765625 0.011721611721611722 0.126953125 0.024175824175824177
2 0.15891676682692307 0.01282051282051282 0.31783353365384615 0.025359256128487
6 0.0087890625 0.0032967032967032967 0.017578125 0.007326007326007326
0 0.03271484375 0.05128205128205128 0.0654296875 0.1010989010989011
