6 0.00048828125 0.0 0.0009765625 0.005939123979213066
0 0.05908203125 0.0334075723830735 0.1181640625 0.06384558277654045
0 0.10888671875 0.033778767631774315 0.2177734375 0.066815144766147
0 0.109375 0.03414996288047513 0.21875 0.06533036377134373
2 0.1064453125 0.003711952487008166 0.212890625 0.008166295471417966
2 0.00439453125 0.010393466963622866 0.0087890625 0.021529324424647365
0 0.021484375 0.008537490720118782 0.04296875 0.017817371937639197
0 0.09228515625 0.012620638455827766 0.1845703125 0.026726057906458798
0 0.1552734375 0.022271714922048998 0.310546875 0.042316258351893093
0 0.04150390625 0.013363028953229399 0.0830078125 0.025241276911655532
0 0.09553050031565657 0.04191881697449623 0.19106100063131315 0.08092056421677803
0 0.1923828125 0.04120267260579064 0.384765625 0.08092056421677803
2 0.1328125 0.013363028953229399 0.265625 0.02746844840386043
2 0.07275390625 0.013363028953229399 0.1455078125 0.02746844840386043
0 0.0341796875 0.004454342984409799 0.068359375 0.008166295471417966
0 0.0615234375 0.012991833704528583 0.123046875 0.026726057906458798
3 0.1933944801879085 0.014071453872318541 0.386788960375817 0.031180400890868598
0 0.0537109375 0.031180400890868598 0.107421875 0.06161841128433556
0 0.03564453125 0.005196733481811433 0.0712890625 0.010393466963622866
0 0.015625 0.008537490720118782 0.03125 0.015590200445434299
6 0.0390625 0.003711952487008166 0.078125 0.007423904974016332
0 0.02734375 0.007423904974016332 0.0546875 0.016332590942835932
0 0.0283203125 0.007423904974016332 0.056640625 0.014847809948032665
2 0.008402979651162767 0.013121320419191713 0.016805959302325535 0.0331485989537474
2 0.015102652616279078 0.0033666545812399587 0.030205305232558155 0.01001363926727793
2 0.009311409883720922 0.0007769202879784455 0.018622819767441845 0.01536575680668485
