0 0.03369140625 0.08315018315018315 0.0673828125 0.1663003663003663
0 0.03857421875 0.09230769230769231 0.0771484375 0.18461538461538463
0 0.0361328125 0.08974358974358974 0.072265625 0.1794871794871795
0 0.03759765625 0.08754578754578754 0.0751953125 0.17509157509157508
0 0.0341796875 0.08461538461538462 0.068359375 0.16923076923076924
0 0.04091005067567571 0.09470349470349469 0.08182010135135143 0.19186219186219186
3 0.31180057010135137 0.017582417582417582 0.6236011402027027 0.04554004554004556
0 0.28369140625 0.08754578754578754 0.5673828125 0.17582417582417584
0 0.1982421875 0.05128205128205128 0.396484375 0.09523809523809523
0 0.0380859375 0.09194139194139195 0.076171875 0.1838827838827839
