0 0.04725274725274725 0.01318359375 0.0945054945054945 0.025390625
0 0.01684981684981685 0.01318359375 0.0336996336996337 0.0234375
0 0.017582417582417582 0.0126953125 0.035164835164835165 0.025390625
0 0.016483516483516484 0.01220703125 0.03296703296703297 0.025390625
0 0.09377289377289377 0.044921875 0.18754578754578755 0.0947265625
2 0.07448591012947449 0.0146484375 0.14897182025894898 0.023205445544554504
0 0.05970695970695971 0.0322265625 0.11941391941391942 0.0595703125
0 0.1076923076923077 0.06640625 0.2153846153846154 0.12109375
0 0.017582417582417582 0.01220703125 0.035164835164835165 0.0244140625
0 0.03882783882783883 0.0126953125 0.07765567765567766 0.0283203125
0 0.039926739926739924 0.01025390625 0.07985347985347985 0.0234375
2 0.023809523809523808 0.00634765625 0.047619047619047616 0.0166015625
2 0.03553113553113553 0.0166015625 0.07106227106227106 0.0322265625
0 0.051648351648351645 0.02001953125 0.10329670329670329 0.0380859375
0 0.08205128205128205 0.02978515625 0.1641025641025641 0.0634765625
2 0.013553113553113554 0.0068359375 0.027106227106227107 0.013671875
0 0.040293040293040296 0.009765625 0.08058608058608059 0.0185546875
