2 0.17223986950549447 0.03729420762387795 0.34447973901098894 0.0740651290101839
0 0.05859375 0.03553113553113553 0.1171875 0.06813186813186813
0 0.0556640625 0.0336996336996337 0.111328125 0.060805860805860805
0 0.0556640625 0.03406593406593406 0.111328125 0.06153846153846154
0 0.05859375 0.03223443223443224 0.1171875 0.06813186813186813
0 0.05859375 0.0336996336996337 0.1171875 0.06886446886446887
0 0.357421875 0.05201465201465202 0.71484375 0.11721611721611722
2 0.03466796875 0.010256410256410256 0.0693359375 0.020512820512820513
2 0.15906700721153846 0.0380952380952381 0.3181340144230769 0.0797005192609588
0 0.05859375 0.035164835164835165 0.1171875 0.06813186813186813
