0 0.10402930402930403 0.03955078125 0.20805860805860807 0.083984375
0 0.015384615384615385 0.033203125 0.03076923076923077 0.0654296875
0 0.015384615384615385 0.03271484375 0.03076923076923077 0.0654296875
0 0.014285714285714285 0.0341796875 0.02857142857142857 0.0654296875
0 0.01575091575091575 0.03466796875 0.0315018315018315 0.0693359375
0 0.015384615384615385 0.0341796875 0.03076923076923077 0.068359375
3 0.0326007326007326 0.02392578125 0.0652014652014652 0.04296875
5 0.029304029304029304 0.01708984375 0.05860805860805861 0.0390625
2 0.09487179487179487 0.02099609375 0.18974358974358974 0.0458984375
2 0.11611721611721612 0.029296875 0.23223443223443224 0.0595703125
0 0.01575091575091575 0.033203125 0.0315018315018315 0.0654296875
2 0.00989010989010989 0.00537109375 0.01978021978021978 0.0087890625
2 0.014285714285714285 0.0029296875 0.02857142857142857 0.0068359375
2 0.015018315018315019 0.0029296875 0.030036630036630037 0.005859375
5 0.014285714285714285 0.00341796875 0.02857142857142857 0.005859375
5 0.0029304029304029304 0.0029296875 0.005860805860805861 0.005859375
5 0.011355311355311355 0.0029296875 0.02271062271062271 0.005859375
5 0.009523809523809525 0.00341796875 0.01904761904761905 0.0078125
5 0.006593406593406593 0.00244140625 0.013186813186813187 0.0068359375
5 0.008791208791208791 0.0029296875 0.017582417582417582 0.0068359375
5 0.01391941391941392 0.00390625 0.02783882783882784 0.0068359375
5 0.011355311355311355 0.0029296875 0.02271062271062271 0.005859375
5 0.00989010989010989 0.0380859375 0.01978021978021978 0.076171875
2 0.018315018315018316 0.009765625 0.03663003663003663 0.01953125
0 0.22454212454212455 0.05908203125 0.4490842490842491 0.111328125
0 0.13736263736263737 0.0322265625 0.27472527472527475 0.068359375
