5 0.00537109375 0.04065934065934066 0.0107421875 0.07912087912087912
5 0.005859375 0.030036630036630037 0.01171875 0.05934065934065934
5 0.01171875 0.00989010989010989 0.0234375 0.01978021978021978
6 0.04052734375 0.030036630036630037 0.0810546875 0.05128205128205128
0 0.0107421875 0.03406593406593406 0.021484375 0.06813186813186813
0 0.00927734375 0.05311355311355311 0.0185546875 0.10989010989010989
5 0.0146484375 0.005494505494505495 0.029296875 0.01098901098901099
0 0.01611328125 0.11355311355311355 0.0322265625 0.23663003663003662
0 0.02392578125 0.12051282051282051 0.0478515625 0.23882783882783884
0 0.32421875 0.047619047619047616 0.6484375 0.08424908424908426
5 0.00537109375 0.009523809523809525 0.0107421875 0.01978021978021978
5 0.01513671875 0.004761904761904762 0.0302734375 0.01098901098901099
6 0.013671875 0.0652014652014652 0.02734375 0.13846153846153847
0 0.046875 0.12344322344322345 0.09375 0.24761904761904763
6 0.04345703125 0.0336996336996337 0.0869140625 0.06886446886446887
0 0.05615234375 0.1336996336996337 0.1123046875 0.263003663003663
0 0.0615234375 0.02197802197802198 0.123046875 0.04322344322344322
0 0.0625 0.023443223443223443 0.125 0.04395604395604396
0 0.0498046875 0.1315018315018315 0.099609375 0.24761904761904763
