0 0.044322344322344324 0.0224609375 0.08864468864468865 0.0439453125
0 0.031135531135531136 0.02099609375 0.06227106227106227 0.0439453125
0 0.1509157509157509 0.06884765625 0.3018315018315018 0.1279296875
6 0.005494505494505495 0.00634765625 0.01098901098901099 0.0126953125
6 0.005494505494505495 0.00732421875 0.01098901098901099 0.013671875
5 0.017216117216117217 0.0048828125 0.034432234432234435 0.0087890625
5 0.014652014652014652 0.0048828125 0.029304029304029304 0.0068359375
5 0.014652014652014652 0.00537109375 0.029304029304029304 0.0068359375
5 0.02271062271062271 0.005859375 0.04542124542124542 0.0078125
0 0.034432234432234435 0.0234375 0.06886446886446887 0.048828125
3 0.09124367695796266 0.02490234375 0.18248735391592533 0.04278273809523814
5 0.005860805860805861 0.00439453125 0.011721611721611722 0.0107421875
5 0.004395604395604396 0.005859375 0.008791208791208791 0.009765625
0 0.044322344322344324 0.0263671875 0.08864468864468865 0.0517578125
2 0.02271062271062271 0.00830078125 0.04542124542124542 0.015625
0 0.03333333333333333 0.02392578125 0.06666666666666667 0.046875
