3 0.09977921195652173 0.4015235971757711 0.19955842391304346 0.8339544513457556
6 0.0078125 0.00402930402930403 0.015625 0.008791208791208791
5 0.0458984375 0.004761904761904762 0.091796875 0.00805860805860806
6 0.11767578125 0.03406593406593406 0.2353515625 0.05274725274725275
0 0.041015625 0.020512820512820513 0.08203125 0.040293040293040296
0 0.0419921875 0.021245421245421246 0.083984375 0.040293040293040296
5 0.015625 0.017948717948717947 0.03125 0.04468864468864469
2 0.0283203125 0.008791208791208791 0.056640625 0.01611721611721612
0 0.03759765625 0.01098901098901099 0.0751953125 0.01904761904761905
3 0.02294921875 0.006593406593406593 0.0458984375 0.012454212454212455
3 0.03466796875 0.01098901098901099 0.0693359375 0.02271062271062271
2 0.00927734375 0.01391941391941392 0.0185546875 0.02857142857142857
2 0.03369140625 0.006593406593406593 0.0673828125 0.013186813186813187
2 0.02392578125 0.017582417582417582 0.0478515625 0.0336996336996337
2 0.001953125 0.00402930402930403 0.00390625 0.008791208791208791
5 0.0166015625 0.00695970695970696 0.033203125 0.014652014652014652
5 0.01171875 0.00402930402930403 0.0234375 0.007326007326007326
5 0.013671875 0.003663003663003663 0.02734375 0.006593406593406593
5 0.0205078125 0.01282051282051282 0.041015625 0.030036630036630037
6 0.0986328125 0.02454212454212454 0.197265625 0.0336996336996337
5 0.048828125 0.01868131868131868 0.09765625 0.03956043956043956
5 0.060546875 0.017948717948717947 0.12109375 0.03663003663003663
5 0.04248046875 0.017948717948717947 0.0849609375 0.03223443223443224
