0 0.09228515625 0.2032967032967033 0.1845703125 0.41318681318681316
2 0.06787109375 0.011355311355311355 0.1357421875 0.021245421245421246
0 0.02978515625 0.04065934065934066 0.0595703125 0.08424908424908426
0 0.0283203125 0.03956043956043956 0.056640625 0.07692307692307693
0 0.0302734375 0.041758241758241756 0.060546875 0.08498168498168499
3 0.18798828125 0.038461538461538464 0.3759765625 0.08717948717948718
2 0.033203125 0.011721611721611722 0.06640625 0.024175824175824177
3 0.19435607280927836 0.012084135795475959 0.3887121456185567 0.029304029304029304
2 0.06005859375 0.014652014652014652 0.1201171875 0.029304029304029304
2 0.0947265625 0.015384615384615385 0.189453125 0.0315018315018315
0 0.025390625 0.035897435897435895 0.05078125 0.0761904761904762
