5 0.0224609375 0.01282051282051282 0.044921875 0.02490842490842491
5 0.00634765625 0.005128205128205128 0.0126953125 0.009523809523809525
6 0.0146484375 0.050915750915750915 0.029296875 0.10036630036630037
5 0.01513671875 0.007692307692307693 0.0302734375 0.013186813186813187
5 0.01416015625 0.00805860805860806 0.0283203125 0.018315018315018316
5 0.021484375 0.010622710622710623 0.04296875 0.02271062271062271
5 0.0224609375 0.01391941391941392 0.044921875 0.03076923076923077
0 0.236328125 0.0945054945054945 0.47265625 0.17875457875457876
0 0.0751953125 0.020512820512820513 0.150390625 0.035164835164835165
6 0.0126953125 0.02893772893772894 0.025390625 0.054212454212454214
6 0.00732421875 0.01098901098901099 0.0146484375 0.023443223443223443
5 0.0126953125 0.02967032967032967 0.025390625 0.08351648351648351
6 0.0087890625 0.011721611721611722 0.017578125 0.023443223443223443
5 0.01513671875 0.004761904761904762 0.0302734375 0.024175824175824177
2 0.011503765068389377 0.021068256362374017 0.023007530136778753 0.0548237634330349
2 0.02872242647058823 0.007661184131772382 0.05744485294117646 0.013407072230601636
2 0.024573631535947715 0.00046772543850848094 0.04914726307189543 0.016354535248185476
