6 0.02490234375 0.011355311355311355 0.0498046875 0.023443223443223443
6 0.02587890625 0.013186813186813187 0.0517578125 0.02564102564102564
6 0.009765625 0.002564102564102564 0.01953125 0.004395604395604396
6 0.02001953125 0.00805860805860806 0.0400390625 0.017582417582417582
0 0.3330078125 0.06190476190476191 0.666015625 0.15604395604395604
5 0.0400390625 0.0029304029304029304 0.080078125 0.007326007326007326
6 0.001953125 0.012087912087912088 0.00390625 0.02564102564102564
6 0.00927734375 0.0062271062271062275 0.0185546875 0.011721611721611722
2 0.04443359375 0.007692307692307693 0.0888671875 0.015384615384615385
2 0.05029296875 0.008424908424908424 0.1005859375 0.015384615384615385
