0 0.12646484375 0.022344322344322345 0.2529296875 0.04542124542124542
2 0.04833984375 0.008424908424908424 0.0966796875 0.01611721611721612
5 0.03369140625 0.004761904761904762 0.0673828125 0.008791208791208791
5 0.05712890625 0.005860805860805861 0.1142578125 0.009523809523809525
2 0.14208984375 0.012454212454212455 0.2841796875 0.026373626373626374
2 0.14208984375 0.013186813186813187 0.2841796875 0.03076923076923077
0 0.0283203125 0.009523809523809525 0.056640625 0.01904761904761905
0 0.02880859375 0.009157509157509158 0.0576171875 0.01904761904761905
0 0.02099609375 0.126007326007326 0.0419921875 0.2549450549450549
0 0.05859375 0.17509157509157508 0.1171875 0.3626373626373626
2 0.07360971102150538 0.00805860805860806 0.14721942204301075 0.01614872582614515
0 0.0224609375 0.06373626373626373 0.044921875 0.1282051282051282
0 0.02294921875 0.06373626373626373 0.0458984375 0.1304029304029304
