0 0.03955078125 0.040293040293040296 0.0791015625 0.08058608058608059
5 0.04248046875 0.011721611721611722 0.0849609375 0.027106227106227107
0 0.01416015625 0.0347985347985348 0.0283203125 0.07252747252747253
2 0.083984375 0.03406593406593406 0.16796875 0.0695970695970696
0 0.033203125 0.09926739926739926 0.06640625 0.19853479853479852
5 0.00390625 0.005494505494505495 0.0078125 0.01098901098901099
6 0.01171875 0.013553113553113554 0.0234375 0.027106227106227107
0 0.04596819196428564 0.11402948447283426 0.09193638392857129 0.22857142857142856
0 0.04248046875 0.041025641025641026 0.0849609375 0.08205128205128205
0 0.02978515625 0.10732600732600732 0.0595703125 0.21318681318681318
