5 0.017948717948717947 0.00537109375 0.035897435897435895 0.009765625
5 0.005860805860805861 0.0048828125 0.011721611721611722 0.0107421875
5 0.00402930402930403 0.001953125 0.00805860805860806 0.00390625
6 0.00695970695970696 0.01220703125 0.01391941391941392 0.0244140625
5 0.011721611721611722 0.0068359375 0.023443223443223443 0.01171875
5 0.01684981684981685 0.00927734375 0.0336996336996337 0.0185546875
5 0.015384615384615385 0.005859375 0.03076923076923077 0.0107421875
5 0.010256410256410256 0.00537109375 0.020512820512820513 0.0107421875
0 0.1783882783882784 0.06787109375 0.3567765567765568 0.12109375
5 0.02490842490842491 0.01953125 0.04981684981684982 0.0419921875
5 0.017948717948717947 0.01171875 0.035897435897435895 0.0234375
4 0.006593406593406593 0.0107421875 0.013186813186813187 0.0224609375
0 0.2468864468864469 0.06591796875 0.4937728937728938 0.1357421875
