0 0.04931640625 0.08754578754578754 0.0986328125 0.17582417582417584
0 0.04638671875 0.08058608058608059 0.0927734375 0.1597069597069597
0 0.2021484375 0.02564102564102564 0.404296875 0.06886446886446887
0 0.033203125 0.009157509157509158 0.06640625 0.020512820512820513
2 0.09010689558383234 0.01008971068851309 0.18021379116766467 0.02197802197802198
6 0.01220703125 0.03553113553113553 0.0244140625 0.07032967032967033
6 0.013671875 0.01391941391941392 0.02734375 0.02783882783882784
6 0.0126953125 0.011355311355311355 0.025390625 0.024175824175824177
0 0.05224609375 0.08827838827838828 0.1044921875 0.17655677655677657
0 0.05224609375 0.08827838827838828 0.1044921875 0.17655677655677657
0 0.0498046875 0.08681318681318681 0.099609375 0.1772893772893773
2 0.029530782185628768 0.012741549867298366 0.059061564371257536 0.017108639863130853
0 0.05224609375 0.08827838827838828 0.1044921875 0.17655677655677657
