5 0.0615234375 0.009157509157509158 0.123046875 0.018315018315018316
2 0.01220703125 0.005128205128205128 0.0244140625 0.008791208791208791
0 0.05126953125 0.007692307692307693 0.1025390625 0.01391941391941392
5 0.0537109375 0.00805860805860806 0.107421875 0.014652014652014652
5 0.01318359375 0.0029304029304029304 0.0263671875 0.005860805860805861
0 0.1494140625 0.02967032967032967 0.298828125 0.05787545787545788
2 0.02734375 0.005128205128205128 0.0546875 0.011721611721611722
3 0.0822293705071885 0.005128205128205128 0.164458741014377 0.011936944844293123
0 0.0341796875 0.009157509157509158 0.068359375 0.017582417582417582
6 0.021014636075949368 0.006955070246209495 0.042029272151898736 0.029674966383827134
