2 0.04052734375 0.008424908424908424 0.0810546875 0.01684981684981685
2 0.03271484375 0.009157509157509158 0.0654296875 0.018315018315018316
2 0.0615234375 0.009523809523809525 0.123046875 0.01904761904761905
0 0.04248046875 0.007692307692307693 0.0849609375 0.01611721611721612
2 0.02197265625 0.009523809523809525 0.0439453125 0.01904761904761905
2 0.00634765625 0.008791208791208791 0.0126953125 0.017582417582417582
0 0.04248046875 0.008791208791208791 0.0849609375 0.017582417582417582
0 0.08935546875 0.01391941391941392 0.1787109375 0.027106227106227107
0 0.0595703125 0.013553113553113554 0.119140625 0.02564102564102564
0 0.07373046875 0.011721611721611722 0.1474609375 0.02564102564102564
2 0.04052734375 0.00989010989010989 0.0810546875 0.01904761904761905
