6 0.015384615384615385 0.0087890625 0.03076923076923077 0.015625
0 0.2454212454212454 0.17138671875 0.4908424908424908 0.537109375
0 0.05384615384615385 0.056640625 0.1076923076923077 0.119140625
0 0.03736263736263736 0.04296875 0.07472527472527472 0.0947265625
0 0.07655677655677656 0.05810546875 0.15311355311355312 0.1357421875
0 0.011721611721611722 0.0185546875 0.023443223443223443 0.0439453125
5 0.010256410256410256 0.0048828125 0.020512820512820513 0.009765625
6 0.00989010989010989 0.0087890625 0.01978021978021978 0.0166015625
6 0.00805860805860806 0.00537109375 0.01611721611721612 0.0107421875
2 0.0062271062271062275 0.01806640625 0.012454212454212455 0.037109375
5 0.007326007326007326 0.0048828125 0.014652014652014652 0.009765625
6 0.009157509157509158 0.0068359375 0.018315018315018316 0.0146484375
6 0.0032967032967032967 0.00927734375 0.006593406593406593 0.0185546875
6 0.007692307692307693 0.00390625 0.015384615384615385 0.0107421875
6 0.0032967032967032967 0.01513671875 0.006593406593406593 0.029296875
5 0.00402930402930403 0.02197265625 0.00805860805860806 0.044921875
