5 0.03955078125 0.005860805860805861 0.0791015625 0.009523809523809525
5 0.0068359375 0.02271062271062271 0.013671875 0.04395604395604396
5 0.0048828125 0.010256410256410256 0.009765625 0.020512820512820513
6 0.00830078125 0.01282051282051282 0.0166015625 0.02490842490842491
6 0.01318359375 0.01868131868131868 0.0263671875 0.03663003663003663
5 0.0048828125 0.008791208791208791 0.009765625 0.01904761904761905
5 0.0361328125 0.008791208791208791 0.072265625 0.017582417582417582
0 0.05029296875 0.3142857142857143 0.1005859375 0.63003663003663
5 0.02392578125 0.007692307692307693 0.0478515625 0.015384615384615385
5 0.02490234375 0.010256410256410256 0.0498046875 0.018315018315018316
