0 0.0234375 0.0684981684981685 0.046875 0.136996336996337
6 0.07177734375 0.02454212454212454 0.1435546875 0.046153846153846156
0 0.0185546875 0.054945054945054944 0.037109375 0.09743589743589744
6 0.01416015625 0.014652014652014652 0.0283203125 0.029304029304029304
6 0.00927734375 0.0032967032967032967 0.0185546875 0.006593406593406593
5 0.01171875 0.00402930402930403 0.0234375 0.00805860805860806
6 0.01123046875 0.004395604395604396 0.0224609375 0.008791208791208791
6 0.0087890625 0.00402930402930403 0.017578125 0.010256410256410256
6 0.0126953125 0.013553113553113554 0.025390625 0.029304029304029304
0 0.18408203125 0.06886446886446887 0.3681640625 0.13992673992673993
0 0.09423828125 0.19963369963369965 0.1884765625 0.4087912087912088
0 0.08642578125 0.19267399267399268 0.1728515625 0.3912087912087912
