0 0.003108348134991119 0.0361328125 0.006216696269982238 0.0771484375
5 0.0017761989342806395 0.064453125 0.003552397868561279 0.126953125
0 0.021758436944937832 0.1201171875 0.043516873889875664 0.2431640625
0 0.29484902309058614 0.0654296875 0.5896980461811723 0.0859375
4 0.05284191829484902 0.0625 0.10568383658969804 0.1123046875
0 0.046181172291296625 0.0380859375 0.09236234458259325 0.05859375
0 0.07784712286778613 0.04334865960099754 0.15569424573557225 0.045109394482543586
6 0.013765541740674956 0.03466796875 0.027531083481349913 0.068359375
0 0.29484902309058614 0.1181640625 0.5896980461811723 0.15234375
5 0.002220248667850799 0.0361328125 0.004440497335701598 0.0703125
5 0.0008880994671403197 0.02734375 0.0017761989342806395 0.056640625
5 0.03818827708703375 0.00927734375 0.0763765541740675 0.01953125
5 0.03596802841918295 0.00927734375 0.0719360568383659 0.0166015625
0 0.006216696269982238 0.10302734375 0.012433392539964476 0.2138671875
5 0.007548845470692718 0.0029296875 0.015097690941385435 0.0068359375
