0 0.015625 0.024175824175824177 0.03125 0.047619047619047616
0 0.015625 0.02271062271062271 0.03125 0.047619047619047616
6 0.005859375 0.005128205128205128 0.01171875 0.01098901098901099
6 0.00634765625 0.008424908424908424 0.0126953125 0.018315018315018316
5 0.00634765625 0.004761904761904762 0.0126953125 0.010256410256410256
6 0.0078125 0.007692307692307693 0.015625 0.015384615384615385
3 0.04248046875 0.1282051282051282 0.0849609375 0.2622710622710623
6 0.00537109375 0.013553113553113554 0.0107421875 0.023443223443223443
0 0.08203125 0.2816849816849817 0.1640625 0.5604395604395604
2 0.02001953125 0.10329670329670329 0.0400390625 0.20512820512820512
0 0.1524167640186916 0.054773886549587536 0.3048335280373832 0.11639450891787358
