2 0.08243284493284496 0.013224283854166685 0.16486568986568992 0.0244140625
0 0.11465201465201465 0.0439453125 0.2293040293040293 0.0830078125
2 0.10805860805860806 0.02001953125 0.21611721611721613 0.0458984375
0 0.01978021978021978 0.044921875 0.03956043956043956 0.0947265625
0 0.020512820512820513 0.0478515625 0.041025641025641026 0.095703125
0 0.017948717948717947 0.046875 0.035897435897435895 0.087890625
6 0.016483516483516484 0.02197265625 0.03296703296703297 0.0419921875
0 0.018315018315018316 0.0478515625 0.03663003663003663 0.0966796875
0 0.012087912087912088 0.06396484375 0.024175824175824177 0.130859375
0 0.15604395604395604 0.0458984375 0.3120879120879121 0.1064453125
0 0.046886446886446886 0.015625 0.09377289377289377 0.0322265625
0 0.01575091575091575 0.0361328125 0.0315018315018315 0.0751953125
2 0.06263736263736264 0.01416015625 0.12527472527472527 0.0244140625
0 0.1043956043956044 0.03369140625 0.2087912087912088 0.060546875
0 0.10073260073260074 0.029296875 0.20146520146520147 0.0625
2 0.02490842490842491 0.00830078125 0.04981684981684982 0.017578125
2 0.02564102564102564 0.0087890625 0.05128205128205128 0.0166015625
2 0.021245421245421246 0.0087890625 0.04249084249084249 0.017578125
0 0.025274725274725275 0.01220703125 0.05054945054945055 0.025390625
3 0.02893772893772894 0.02734375 0.05787545787545788 0.0537109375
0 0.050183150183150185 0.0205078125 0.10036630036630037 0.0361328125
