5 0.0146484375 0.014652014652014652 0.029296875 0.030036630036630037
6 0.0166015625 0.01904761904761905 0.033203125 0.034432234432234435
5 0.0048828125 0.007692307692307693 0.009765625 0.06666666666666667
5 0.01416015625 0.003663003663003663 0.0283203125 0.007326007326007326
5 0.0126953125 0.0029304029304029304 0.025390625 0.005860805860805861
0 0.13916015625 0.054212454212454214 0.2783203125 0.10695970695970695
2 0.00830078125 0.0062271062271062275 0.0166015625 0.01391941391941392
0 0.05029296875 0.041025641025641026 0.1005859375 0.07692307692307693
0 0.13330078125 0.05201465201465202 0.2666015625 0.10989010989010989
5 0.009765625 0.1443223443223443 0.01953125 0.2915750915750916
