0 0.06201171875 0.012454212454212455 0.1240234375 0.023443223443223443
0 0.10498046875 0.013186813186813187 0.2099609375 0.02564102564102564
0 0.08740234375 0.01391941391941392 0.1748046875 0.02783882783882784
0 0.01953125 0.00805860805860806 0.0390625 0.01611721611721612
0 0.123046875 0.016483516483516484 0.24609375 0.03296703296703297
2 0.04052734375 0.007326007326007326 0.0810546875 0.014652014652014652
0 0.16455078125 0.03333333333333333 0.3291015625 0.06593406593406594
0 0.10205078125 0.01684981684981685 0.2041015625 0.035897435897435895
2 0.0546875 0.010622710622710623 0.109375 0.02271062271062271
2 0.05810546875 0.013186813186813187 0.1162109375 0.023443223443223443
2 0.029296875 0.00989010989010989 0.05859375 0.020512820512820513
2 0.02099609375 0.02564102564102564 0.0419921875 0.04835164835164835
2 0.00830078125 0.004880066170388748 0.0166015625 0.007326007326007326
0 0.068359375 0.014285714285714285 0.13671875 0.02857142857142857
6 0.01025390625 0.1010989010989011 0.0205078125 0.20293040293040293
0 0.08935546875 0.014652014652014652 0.1787109375 0.027106227106227107
0 0.08740234375 0.01282051282051282 0.1748046875 0.026373626373626374
6 0.00927734375 0.08131868131868132 0.0185546875 0.16263736263736264
2 0.00927734375 0.06666666666666667 0.0185546875 0.13333333333333333
2 0.00830078125 0.056043956043956046 0.0166015625 0.11208791208791209
2 0.0107421875 0.05934065934065934 0.021484375 0.11501831501831501
2 0.01171875 0.07142857142857142 0.0234375 0.14212454212454212
2 0.0107421875 0.08644688644688645 0.021484375 0.17142857142857143
2 0.01220703125 0.1076923076923077 0.0244140625 0.2153846153846154
2 0.02001953125 0.02454212454212454 0.0400390625 0.05128205128205128
0 0.0673828125 0.01282051282051282 0.134765625 0.02564102564102564
6 0.0146484375 0.006593406593406593 0.029296875 0.011721611721611722
2 0.01416015625 0.0062271062271062275 0.0283203125 0.01391941391941392
2 0.03173828125 0.00695970695970696 0.0634765625 0.013186813186813187
3 0.02978515625 0.008791208791208791 0.0595703125 0.014652014652014652
