0 0.09086470170454547 0.46483516483516485 0.18172940340909094 0.9300778586492872
0 0.014142071759259245 0.0062271062271062275 0.02828414351851849 0.012544656989101422
0 0.0185546875 0.004395604395604396 0.037109375 0.00805860805860806
2 0.01513671875 0.0029304029304029304 0.0302734375 0.005860805860805861
5 0.01318359375 0.002564102564102564 0.0263671875 0.005860805860805861
5 0.00732421875 0.0029304029304029304 0.0146484375 0.006593406593406593
5 0.01416015625 0.002564102564102564 0.0283203125 0.005860805860805861
0 0.02197265625 0.005494505494505495 0.0439453125 0.013186813186813187
5 0.0126953125 0.002197802197802198 0.025390625 0.005860805860805861
5 0.0107421875 0.002197802197802198 0.021484375 0.004395604395604396
6 0.004258192652188297 0.0031535484663875704 0.008516385304376595 0.004690852148479278
0 0.02783203125 0.005494505494505495 0.0556640625 0.011721611721611722
0 0.00830078125 0.01904761904761905 0.0166015625 0.03663003663003663
5 0.033203125 0.004395604395604396 0.06640625 0.009166443312784852
5 0.032288170457507814 0.004316156558075233 0.06457634091501563 0.00805860805860806
5 0.01708984375 0.002564102564102564 0.0341796875 0.003663003663003663
6 0.012765066964285754 0.008895866038723188 0.025530133928571508 0.017582417582417582
6 0.007254464285714246 0.00528519099947672 0.014508928571428492 0.010361067503924664
6 0.007672991071428548 0.005075876504447945 0.015345982142857095 0.010151753008895849
5 0.0107421875 0.00402930402930403 0.021484375 0.01391941391941392
4 0.0068359375 0.0062271062271062275 0.013671875 0.011721611721611722
5 0.007315712108013905 0.0028504209688878664 0.01463142421602781 0.0058710163239779935
