0 0.07958984375 0.05787545787545788 0.1591796875 0.08278388278388278
0 0.060546875 0.017948717948717947 0.12109375 0.035164835164835165
0 0.19970703125 0.05201465201465202 0.3994140625 0.10842490842490843
0 0.05908203125 0.017216117216117217 0.1181640625 0.034432234432234435
5 0.01318359375 0.002197802197802198 0.0263671875 0.0029304029304029304
5 0.0068359375 0.0014652014652014652 0.013671875 0.0029304029304029304
5 0.0166015625 0.002564102564102564 0.033203125 0.006593406593406593
6 0.01611328125 0.0029304029304029304 0.0322265625 0.006593406593406593
6 0.01318359375 0.002564102564102564 0.0263671875 0.003663003663003663
5 0.005859375 0.0014652014652014652 0.01171875 0.0029304029304029304
