5 0.00634765625 0.022344322344322345 0.0126953125 0.041758241758241756
6 0.02490234375 0.04358974358974359 0.0498046875 0.08864468864468865
6 0.02490234375 0.04139194139194139 0.0498046875 0.07912087912087912
6 0.02490234375 0.039194139194139194 0.0498046875 0.07985347985347985
2 0.01513671875 0.013186813186813187 0.0302734375 0.02271062271062271
0 0.04345703125 0.22893772893772893 0.0869140625 0.45494505494505494
6 0.05322265625 0.0007326007326007326 0.1064453125 0.01391941391941392
6 0.0234375 0.023809523809523808 0.046875 0.05347985347985348
5 0.0087890625 0.02490842490842491 0.017578125 0.04908424908424908
5 0.013671875 0.03663003663003663 0.02734375 0.07545787545787545
5 0.01171875 0.0380952380952381 0.0234375 0.08351648351648351
6 0.01025390625 0.0336996336996337 0.0205078125 0.06593406593406594
6 0.01025390625 0.10659340659340659 0.0205078125 0.21172161172161172
6 0.02197265625 0.04212454212454213 0.0439453125 0.08351648351648351
6 0.01123046875 0.015018315018315019 0.0224609375 0.02783882783882784
