5 0.0263671875 0.003663003663003663 0.052734375 0.005860805860805861
0 0.0390625 0.14102564102564102 0.078125 0.2835164835164835
5 0.01171875 0.0062271062271062275 0.0234375 0.013186813186813187
6 0.013671875 0.02600732600732601 0.02734375 0.04981684981684982
6 0.0068359375 0.006593406593406593 0.013671875 0.013186813186813187
0 0.01123046875 0.02564102564102564 0.0224609375 0.05054945054945055
0 0.01171875 0.020879120879120878 0.0234375 0.03882783882783883
0 0.01123046875 0.012454212454212455 0.0224609375 0.02490842490842491
6 0.01123046875 0.03663003663003663 0.0224609375 0.07326007326007326
5 0.0185546875 0.005128205128205128 0.037109375 0.010256410256410256
2 0.04150390625 0.005494505494505495 0.0830078125 0.010256410256410256
2 0.0419921875 0.004761904761904762 0.083984375 0.010256410256410256
2 0.00341796875 0.005128205128205128 0.0068359375 0.010256410256410256
2 0.00390625 0.004761904761904762 0.0078125 0.009523809523809525
5 0.00537109375 0.004761904761904762 0.0107421875 0.010256410256410256
6 0.0029296875 0.007692307692307693 0.005859375 0.014652014652014652
0 0.03662109375 0.009523809523809525 0.0732421875 0.020512820512820513
6 0.0107421875 0.004395604395604396 0.021484375 0.010256410256410256
5 0.01513671875 0.00402930402930403 0.0302734375 0.00805860805860806
5 0.0224609375 0.0032967032967032967 0.044921875 0.006593406593406593
5 0.01708984375 0.0032967032967032967 0.0341796875 0.006593406593406593
5 0.01708984375 0.0032967032967032967 0.0341796875 0.007326007326007326
5 0.02197265625 0.00805860805860806 0.0439453125 0.017582417582417582
5 0.02978515625 0.00805860805860806 0.0595703125 0.01684981684981685
6 0.0048828125 0.012454212454212455 0.009765625 0.02490842490842491
5 0.02001953125 0.004761904761904762 0.0400390625 0.010256410256410256
0 0.03759765625 0.25934065934065936 0.0751953125 0.517948717948718
0 0.037109375 0.258974358974359 0.07421875 0.5164835164835165
5 0.009765625 0.00402930402930403 0.01953125 0.008791208791208791
5 0.021484375 0.01391941391941392 0.04296875 0.03736263736263736
5 0.00927734375 0.02600732600732601 0.0185546875 0.05128205128205128
5 0.0419921875 0.010256410256410256 0.083984375 0.02197802197802198
5 0.03759765625 0.02454212454212454 0.0751953125 0.05714285714285714
5 0.01318359375 0.008424908424908424 0.0263671875 0.01684981684981685
2 0.0078125 0.016483516483516484 0.015625 0.035897435897435895
5 0.0078125 0.06263736263736264 0.015625 0.12747252747252746
2 0.00927734375 0.011355311355311355 0.0185546875 0.02197802197802198
4 0.0126953125 0.00989010989010989 0.025390625 0.020512820512820513
