5 0.015625 0.003663003663003663 0.03125 0.008791208791208791
4 0.01416015625 0.008791208791208791 0.0283203125 0.01684981684981685
6 0.0283203125 0.009157509157509158 0.056640625 0.018315018315018316
0 0.21142578125 0.08315018315018315 0.4228515625 0.15531135531135531
0 0.07421875 0.08131868131868132 0.1484375 0.15018315018315018
0 0.068359375 0.0706959706959707 0.13671875 0.13406593406593406
0 0.08447265625 0.07216117216117215 0.1689453125 0.14212454212454212
0 0.08740234375 0.09487179487179487 0.1748046875 0.18095238095238095
5 0.01171875 0.005494505494505495 0.0234375 0.010256410256410256
2 0.01416015625 0.013553113553113554 0.0283203125 0.02783882783882784
5 0.01318359375 0.007326007326007326 0.0263671875 0.01391941391941392
5 0.01025390625 0.009523809523809525 0.0205078125 0.01978021978021978
5 0.01025390625 0.005128205128205128 0.0205078125 0.01098901098901099
5 0.01220703125 0.013553113553113554 0.0244140625 0.02783882783882784
