0 0.01904296875 0.007692307692307693 0.0380859375 0.015384615384615385
6 0.0126953125 0.005494505494505495 0.025390625 0.011721611721611722
2 0.01953125 0.004761904761904762 0.0390625 0.011721611721611722
2 0.03759765625 0.030036630036630037 0.0751953125 0.05274725274725275
5 0.0087890625 0.0032967032967032967 0.017578125 0.005860805860805861
2 0.017578125 0.00402930402930403 0.03515625 0.006593406593406593
2 0.015625 0.00695970695970696 0.03125 0.020512820512820513
5 0.01171875 0.004761904761904762 0.0234375 0.008791208791208791
2 0.0224609375 0.005494505494505495 0.044921875 0.010256410256410256
5 0.01708984375 0.01282051282051282 0.0341796875 0.024175824175824177
0 0.1962890625 0.0673992673992674 0.392578125 0.11282051282051282
0 0.13232421875 0.2304029304029304 0.2646484375 0.4073260073260073
0 0.18798828125 0.06556776556776557 0.3759765625 0.1054945054945055
5 0.0068359375 0.008791208791208791 0.013671875 0.017582417582417582
6 0.02978515625 0.014285714285714285 0.0595703125 0.02197802197802198
5 0.00927734375 0.003663003663003663 0.0185546875 0.009523809523809525
6 0.0078125 0.007692307692307693 0.015625 0.015384615384615385
6 0.0029296875 0.0 0.005859375 0.013186813186813187
6 0.00244140625 0.013186813186813187 0.0048828125 0.029304029304029304
0 0.025390625 0.007692307692307693 0.05078125 0.01391941391941392
