5 0.0166015625 0.0062271062271062275 0.033203125 0.034432234432234435
0 0.02392578125 0.011721611721611722 0.0478515625 0.02271062271062271
5 0.00927734375 0.006593406593406593 0.0185546875 0.01391941391941392
4 0.00927734375 0.01611721611721612 0.0185546875 0.029304029304029304
2 0.0322265625 0.013553113553113554 0.064453125 0.02783882783882784
6 0.01806640625 0.00989010989010989 0.0361328125 0.023443223443223443
5 0.025390625 0.004395604395604396 0.05078125 0.009523809523809525
6 0.00634765625 0.01098901098901099 0.0126953125 0.017582417582417582
6 0.01025390625 0.01282051282051282 0.0205078125 0.024175824175824177
0 0.033203125 0.014652014652014652 0.06640625 0.03296703296703297
0 0.08349609375 0.10256410256410256 0.1669921875 0.23736263736263735
0 0.10693359375 0.17326007326007326 0.2138671875 0.3545787545787546
0 0.10791015625 0.1901098901098901 0.2158203125 0.3882783882783883
5 0.0078125 0.00805860805860806 0.015625 0.014652014652014652
