3 0.09375 0.4049742528003397 0.1875 0.8169029038594254
2 0.0126953125 0.041758241758241756 0.025390625 0.08498168498168499
4 0.0205078125 0.010622710622710623 0.041015625 0.02197802197802198
0 0.01708984375 0.00695970695970696 0.0341796875 0.015384615384615385
0 0.017578125 0.008424908424908424 0.03515625 0.01611721611721612
6 0.02197265625 0.0315018315018315 0.0439453125 0.06593406593406594
6 0.009765625 0.01098901098901099 0.01953125 0.020512820512820513
6 0.01171875 0.04285714285714286 0.0234375 0.08937728937728938
0 0.02587890625 0.004761904761904762 0.0517578125 0.010256410256410256
2 0.0244140625 0.00695970695970696 0.048828125 0.012454212454212455
4 0.00830078125 0.006593406593406593 0.0166015625 0.013186813186813187
4 0.009765625 0.007326007326007326 0.01953125 0.013186813186813187
3 0.0859375 0.3669321017147104 0.171875 0.7444816053511706
