4 0.0078125 0.009157509157509158 0.015625 0.018315018315018316
5 0.0439453125 0.01611721611721612 0.087890625 0.0315018315018315
5 0.09033203125 0.009523809523809525 0.1806640625 0.01904761904761905
5 0.0068359375 0.005494505494505495 0.013671875 0.010256410256410256
0 0.07080078125 0.35934065934065934 0.1416015625 0.7084249084249085
0 0.0634765625 0.2725274725274725 0.126953125 0.5501831501831502
0 0.03076171875 0.17655677655677657 0.0615234375 0.35311355311355314
5 0.0078125 0.01868131868131868 0.015625 0.0380952380952381
0 0.046875 0.02454212454212454 0.09375 0.06153846153846154
0 0.03125 0.11904761904761904 0.0625 0.23736263736263735
2 0.0087890625 0.003663003663003663 0.017578125 0.007326007326007326
2 0.01025390625 0.003663003663003663 0.0205078125 0.007326007326007326
2 0.00537109375 0.0032967032967032967 0.0107421875 0.005860805860805861
2 0.00927734375 0.0032967032967032967 0.0185546875 0.007326007326007326
2 0.009765625 0.0032967032967032967 0.01953125 0.006593406593406593
