4 0.011355311355311355 0.01708984375 0.02271062271062271 0.0380859375
5 0.005494505494505495 0.0517578125 0.01098901098901099 0.10546875
6 0.014285714285714285 0.00927734375 0.02857142857142857 0.0400390625
2 0.007326007326007326 0.00732421875 0.014652014652014652 0.0166015625
5 0.010256410256410256 0.00537109375 0.020512820512820513 0.037109375
0 0.1076923076923077 0.04736328125 0.2153846153846154 0.1025390625
5 0.00805860805860806 0.01806640625 0.01611721611721612 0.03515625
5 0.0347985347985348 0.00732421875 0.0695970695970696 0.017578125
5 0.035164835164835165 0.00830078125 0.07032967032967033 0.017578125
0 0.023076923076923078 0.00732421875 0.046153846153846156 0.013671875
0 0.024175824175824177 0.00830078125 0.04835164835164835 0.017578125
0 0.01611721611721612 0.06103515625 0.03223443223443224 0.1533203125
2 0.004395604395604396 0.0458984375 0.008791208791208791 0.0869140625
0 0.08571428571428572 0.03125 0.17142857142857143 0.0693359375
0 0.11538461538461539 0.0302734375 0.23076923076923078 0.0634765625
0 0.034432234432234435 0.0146484375 0.06886446886446887 0.0302734375
0 0.050915750915750915 0.01318359375 0.10183150183150183 0.0283203125
5 0.011355311355311355 0.0107421875 0.02271062271062271 0.029296875
4 0.013186813186813187 0.01708984375 0.026373626373626374 0.046875
0 0.21025641025641026 0.06103515625 0.4205128205128205 0.177734375
6 0.005128205128205128 0.001953125 0.010256410256410256 0.0146484375
6 0.0326007326007326 0.00244140625 0.0652014652014652 0.0771484375
6 0.011355311355311355 0.0654296875 0.02271062271062271 0.146484375
6 0.00805860805860806 0.03466796875 0.01611721611721612 0.0859375
