0 0.1910453464673913 0.043103997451823535 0.3820906929347826 0.08295906991559159
0 0.154296875 0.04652014652014652 0.30859375 0.09304029304029304
2 0.041015625 0.015018315018315019 0.08203125 0.03223443223443224
0 0.126953125 0.04835164835164835 0.25390625 0.09010989010989011
0 0.1923828125 0.041758241758241756 0.384765625 0.07252747252747253
2 0.1083984375 0.01684981684981685 0.216796875 0.0315018315018315
0 0.150390625 0.04322344322344322 0.30078125 0.07545787545787545
0 0.15673828125 0.04219620958751392 0.3134765625 0.08278388278388278
0 0.185546875 0.038461538461538464 0.37109375 0.08131868131868132
2 0.00341796875 0.004761904761904762 0.0068359375 0.008791208791208791
0 0.1083984375 0.04395604395604396 0.216796875 0.08791208791208792
