2 0.12051282051282051 0.0302734375 0.24102564102564103 0.056640625
0 0.07106227106227106 0.0322265625 0.14212454212454212 0.05859375
2 0.09523809523809523 0.033203125 0.19047619047619047 0.0634765625
0 0.3344322344322344 0.10205078125 0.6688644688644688 0.1669921875
5 0.007326007326007326 0.033203125 0.014652014652014652 0.0771484375
6 0.02967032967032967 0.009765625 0.05934065934065934 0.0166015625
6 0.0336996336996337 0.0029296875 0.0673992673992674 0.033203125
6 0.06263736263736264 0.00830078125 0.12527472527472527 0.001953125
0 0.04395604395604396 0.02734375 0.08791208791208792 0.0595703125
2 0.12307692307692308 0.03173828125 0.24615384615384617 0.0673828125
