6 0.0029296875 0.04878048780487805 0.005859375 0.08672086720867209
5 0.00244140625 0.06287262872628727 0.0048828125 0.11869918699186992
5 0.001953125 0.06287262872628727 0.00390625 0.13604336043360435
5 0.09814453125 0.012195121951219513 0.1962890625 0.023848238482384824
6 0.01904296875 0.0040650406504065045 0.0380859375 0.003794037940379404
6 0.03173828125 0.015989159891598916 0.0634765625 0.0032520325203252032
0 0.04931640625 0.05392953929539295 0.0986328125 0.10623306233062331
0 0.10791015625 0.21192411924119242 0.2158203125 0.4146341463414634
0 0.0458984375 0.04959349593495935 0.091796875 0.1035230352303523
5 0.03125 0.013008130081300813 0.0625 0.024932249322493227
2 0.00048828125 0.013008130081300813 0.0009765625 0.030894308943089432
6 0.0029296875 0.04579945799457995 0.005859375 0.07154471544715447
5 0.0009765625 0.030894308943089432 0.001953125 0.07533875338753387
6 0.00048828125 0.023848238482384824 0.0009765625 0.06504065040650407
5 0.0869140625 0.01788617886178862 0.173828125 0.03848238482384824
0 0.0849609375 0.01707317073170732 0.169921875 0.032520325203252036
0 0.04541015625 0.05094850948509485 0.0908203125 0.10298102981029811
0 0.0439453125 0.05176151761517615 0.087890625 0.10569105691056911
2 0.03466796875 0.037940379403794036 0.0693359375 0.07588075880758807
4 0.001953125 0.013279132791327914 0.00390625 0.02926829268292683
