2 0.09912109375 0.012087912087912088 0.1982421875 0.02271062271062271
0 0.07568359375 0.012087912087912088 0.1513671875 0.02271062271062271
2 0.068359375 0.008424908424908424 0.13671875 0.018315018315018316
2 0.09033203125 0.013553113553113554 0.1806640625 0.027106227106227107
0 0.14013671875 0.031868131868131866 0.2802734375 0.07179487179487179
0 0.1982421875 0.0347985347985348 0.396484375 0.0695970695970696
0 0.19970703125 0.051648351648351645 0.3994140625 0.10402930402930403
0 0.19970703125 0.030402930402930402 0.3994140625 0.07472527472527472
4 0.03466796875 0.028205128205128206 0.0693359375 0.05714285714285714
0 0.14506906702898553 0.07856877422094813 0.29013813405797106 0.16987843074799597
