6 0.01611328125 0.06373626373626373 0.0322265625 0.12747252747252746
6 0.00341796875 0.012087912087912088 0.0068359375 0.02490842490842491
5 0.0107421875 0.002197802197802198 0.021484375 0.004395604395604396
5 0.01953125 0.005128205128205128 0.0390625 0.010256410256410256
5 0.0126953125 0.002197802197802198 0.025390625 0.004395604395604396
5 0.01416015625 0.002564102564102564 0.0283203125 0.004395604395604396
0 0.0087890625 0.019413919413919414 0.017578125 0.03882783882783883
4 0.009765625 0.00695970695970696 0.01953125 0.012454212454212455
0 0.068359375 0.3567765567765568 0.13671875 0.7164835164835165
0 0.0703125 0.36153846153846153 0.140625 0.7289377289377289
0 0.0283203125 0.005494505494505495 0.056640625 0.009523809523809525
0 0.0107421875 0.018315018315018316 0.021484375 0.03663003663003663
5 0.0234375 0.010622710622710623 0.046875 0.021245421245421246
6 0.03466796875 0.016483516483516484 0.0693359375 0.03296703296703297
5 0.03466796875 0.011721611721611722 0.0693359375 0.023443223443223443
0 0.009765625 0.013553113553113554 0.01953125 0.027106227106227107
