0 0.08984375 0.02857142857142857 0.1796875 0.054945054945054944
0 0.0888671875 0.02857142857142857 0.177734375 0.05641025641025641
0 0.091796875 0.02857142857142857 0.18359375 0.05347985347985348
0 0.07666015625 0.01611721611721612 0.1533203125 0.03296703296703297
0 0.03857421875 0.05274725274725275 0.0771484375 0.1054945054945055
5 0.02490234375 0.015384615384615385 0.0498046875 0.030036630036630037
6 0.03369140625 0.05714285714285714 0.0673828125 0.11941391941391942
4 0.017578125 0.03663003663003663 0.03515625 0.08351648351648351
4 0.0078125 0.01391941391941392 0.015625 0.02857142857142857
2 0.09130859375 0.010256410256410256 0.1826171875 0.020512820512820513
2 0.09228515625 0.009157509157509158 0.1845703125 0.021245421245421246
2 0.09228515625 0.01098901098901099 0.1845703125 0.020512820512820513
3 0.08820794926558756 0.012649221282314792 0.17641589853117512 0.02857142857142857
0 0.09033203125 0.02783882783882784 0.1806640625 0.05714285714285714
