5 0.01904296875 0.0062271062271062275 0.0380859375 0.014652014652014652
6 0.0029296875 0.010622710622710623 0.005859375 0.01904761904761905
0 0.03515625 0.0706959706959707 0.0703125 0.14065934065934066
0 0.03759765625 0.0706959706959707 0.0751953125 0.1413919413919414
0 0.06591796875 0.025274725274725275 0.1318359375 0.05347985347985348
0 0.06689453125 0.027106227106227107 0.1337890625 0.05641025641025641
2 0.00927734375 0.008424908424908424 0.0185546875 0.01611721611721612
5 0.00830078125 0.002564102564102564 0.0166015625 0.005860805860805861
2 0.021484375 0.007326007326007326 0.04296875 0.01391941391941392
5 0.0185546875 0.011355311355311355 0.037109375 0.018315018315018316
6 0.02392578125 0.008424908424908424 0.0478515625 0.01978021978021978
5 0.017578125 0.0029304029304029304 0.03515625 0.006593406593406593
6 0.01416015625 0.020146520146520148 0.0283203125 0.046886446886446886
6 0.00732421875 0.011721611721611722 0.0146484375 0.021245421245421246
6 0.00732421875 0.01098901098901099 0.0146484375 0.020512820512820513
6 0.0068359375 0.01098901098901099 0.013671875 0.02197802197802198
6 0.00732421875 0.01098901098901099 0.0146484375 0.021245421245421246
5 0.03759765625 0.003663003663003663 0.0751953125 0.005860805860805861
5 0.00439453125 0.01611721611721612 0.0087890625 0.03296703296703297
6 0.00341796875 0.0032967032967032967 0.0068359375 0.006593406593406593
6 0.02685546875 0.017216117216117217 0.0537109375 0.034432234432234435
5 0.04248046875 0.003663003663003663 0.0849609375 0.00805860805860806
2 0.01025390625 0.008424908424908424 0.0205078125 0.017582417582417582
5 0.0400390625 0.003663003663003663 0.080078125 0.00805860805860806
2 0.00927734375 0.00805860805860806 0.0185546875 0.015384615384615385
5 0.01123046875 0.007326007326007326 0.0224609375 0.012454212454212455
6 0.005859375 0.011355311355311355 0.01171875 0.020512820512820513
