0 0.06565934065934066 0.02197265625 0.13131868131868132 0.0419921875
0 0.3414835164835165 0.08642578125 0.682967032967033 0.1416015625
2 0.046703296703296704 0.0244140625 0.09340659340659341 0.0439453125
0 0.10961538461538461 0.025390625 0.21923076923076923 0.0419921875
0 0.036813186813186814 0.0224609375 0.07362637362637363 0.0458984375
0 0.07912087912087912 0.0244140625 0.15824175824175823 0.046875
3 0.17252747252747253 0.02587890625 0.34505494505494505 0.04296875
0 0.06318681318681318 0.017578125 0.12637362637362637 0.041015625
5 0.0035714285714285713 0.03173828125 0.007142857142857143 0.0634765625
5 0.004395604395604396 0.03759765625 0.008791208791208791 0.0751953125
