0 0.06689453125 0.27765567765567767 0.1337890625 0.5633699633699634
0 0.009765625 0.0062271062271062275 0.01953125 0.010256410256410256
5 0.01171875 0.00695970695970696 0.0234375 0.013186813186813187
6 0.02734375 0.012454212454212455 0.0546875 0.02271062271062271
5 0.0166015625 0.009157509157509158 0.033203125 0.01684981684981685
5 0.0087890625 0.0032967032967032967 0.017578125 0.006593406593406593
5 0.00439453125 0.0029304029304029304 0.0087890625 0.007326007326007326
5 0.0107421875 0.0029304029304029304 0.021484375 0.007326007326007326
6 0.00927734375 0.02197802197802198 0.0185546875 0.046153846153846156
5 0.02197265625 0.005860805860805861 0.0439453125 0.01098901098901099
0 0.0498046875 0.013186813186813187 0.099609375 0.027106227106227107
6 0.048828125 0.01282051282051282 0.09765625 0.024175824175824177
