2 0.04052734375 0.007326007326007326 0.0810546875 0.014652014652014652
0 0.06640625 0.1641025641025641 0.1328125 0.3311355311355311
6 0.00732421875 0.012087912087912088 0.0146484375 0.02857142857142857
2 0.00634765625 0.006593406593406593 0.0126953125 0.013186813186813187
5 0.00439453125 0.00695970695970696 0.0087890625 0.01611721611721612
6 0.0029296875 0.01282051282051282 0.005859375 0.02490842490842491
6 0.00537109375 0.003663003663003663 0.0107421875 0.006593406593406593
5 0.00634765625 0.0014652014652014652 0.0126953125 0.0029304029304029304
5 0.01171875 0.0029304029304029304 0.0234375 0.005860805860805861
5 0.009765625 0.00402930402930403 0.01953125 0.008791208791208791
6 0.001953125 0.01611721611721612 0.00390625 0.034432234432234435
0 0.0439453125 0.08241758241758242 0.087890625 0.16703296703296702
0 0.00830078125 0.01282051282051282 0.0166015625 0.026373626373626374
6 0.03857421875 0.00695970695970696 0.0771484375 0.014652014652014652
6 0.0224609375 0.004761904761904762 0.044921875 0.008791208791208791
2 0.02294921875 0.0029304029304029304 0.0458984375 0.006593406593406593
5 0.021484375 0.002564102564102564 0.04296875 0.005860805860805861
0 0.1328125 0.21978021978021978 0.265625 0.4593406593406593
2 0.04052734375 0.00989010989010989 0.0810546875 0.018315018315018316
