0 0.28857421875 0.03626373626373627 0.5771484375 0.07985347985347985
2 0.048828125 0.016483516483516484 0.09765625 0.03296703296703297
2 0.05224609375 0.01684981684981685 0.1044921875 0.0336996336996337
2 0.06689453125 0.01684981684981685 0.1337890625 0.0336996336996337
2 0.06884765625 0.015384615384615385 0.1376953125 0.03296703296703297
0 0.09423828125 0.016483516483516484 0.1884765625 0.03296703296703297
0 0.0947265625 0.01575091575091575 0.189453125 0.03223443223443224
0 0.099609375 0.014285714285714285 0.19921875 0.029304029304029304
6 0.005859375 0.00402930402930403 0.01171875 0.009523809523809525
6 0.01123046875 0.0062271062271062275 0.0224609375 0.013186813186813187
6 0.025390625 0.003663003663003663 0.05078125 0.007326007326007326
6 0.00634765625 0.00402930402930403 0.0126953125 0.00805860805860806
6 0.0078125 0.003663003663003663 0.015625 0.008791208791208791
5 0.017578125 0.004761904761904762 0.03515625 0.01098901098901099
5 0.017578125 0.004761904761904762 0.03515625 0.011721611721611722
5 0.029296875 0.005494505494505495 0.05859375 0.010256410256410256
2 0.046875 0.00989010989010989 0.09375 0.021245421245421246
0 0.0322265625 0.012454212454212455 0.064453125 0.027106227106227107
5 0.029296875 0.005128205128205128 0.05859375 0.010256410256410256
5 0.0302734375 0.0062271062271062275 0.060546875 0.01098901098901099
4 0.03564453125 0.03406593406593406 0.0712890625 0.06666666666666667
4 0.04541015625 0.0326007326007326 0.0908203125 0.06446886446886448
