0 0.24169921875 0.13992673992673993 0.4833984375 0.2923076923076923
0 0.041015625 0.017948717948717947 0.08203125 0.035897435897435895
0 0.0458984375 0.020879120879120878 0.091796875 0.0380952380952381
0 0.072265625 0.01904761904761905 0.14453125 0.03882783882783883
5 0.01025390625 0.040293040293040296 0.0205078125 0.08278388278388278
5 0.01025390625 0.04652014652014652 0.0205078125 0.09084249084249084
6 0.0126953125 0.016483516483516484 0.025390625 0.03663003663003663
6 0.031001984126984128 0.1183208326065469 0.062003968253968256 0.22385022385022385
5 0.03526475694444445 0.11473535283059091 0.0705295138888889 0.23363761458999552
6 0.03022693452380952 0.09186580615152042 0.06045386904761904 0.20698877841734983
5 0.02635168650793651 0.051165765451479765 0.05270337301587302 0.12268155125297983
