0 0.036996336996337 0.0224609375 0.073992673992674 0.0498046875
6 0.011721611721611722 0.10498046875 0.023443223443223443 0.1826171875
0 0.1380952380952381 0.0615234375 0.2761904761904762 0.1298828125
6 0.006593406593406593 0.037109375 0.013186813186813187 0.0751953125
5 0.06336996336996337 0.02197265625 0.12673992673992673 0.044921875
6 0.00695970695970696 0.05029296875 0.01391941391941392 0.1005859375
0 0.038461538461538464 0.16699218749999994 0.07692307692307693 0.3681640624999999
0 0.11098901098901098 0.033203125 0.22197802197802197 0.072265625
0 0.1586080586080586 0.0673828125 0.3172161172161172 0.1435546875
4 0.012087912087912088 0.0224609375 0.024175824175824177 0.0478515625
0 0.11428571428571428 0.03759765625 0.22857142857142856 0.0830078125
0 0.09047619047619047 0.052734375 0.18095238095238095 0.1103515625
0 0.03553113553113553 0.02099609375 0.07106227106227106 0.046875
6 0.016626399605123025 0.04432624113475178 0.03325279921024605 0.07410793439716312
