5 0.00732421875 0.0018315018315018315 0.0146484375 0.005128205128205128
6 0.0078125 0.005860805860805861 0.015625 0.01098901098901099
0 0.0654296875 0.14175824175824175 0.130859375 0.3047619047619048
0 0.029296875 0.07545787545787545 0.05859375 0.15604395604395604
0 0.02783203125 0.07252747252747253 0.0556640625 0.147985347985348
4 0.0712890625 0.05824175824175824 0.142578125 0.11721611721611722
5 0.00537109375 0.001098901098901099 0.0107421875 0.0029304029304029304
6 0.005859375 0.0029304029304029304 0.01171875 0.005860805860805861
5 0.00439453125 0.001098901098901099 0.0087890625 0.0029304029304029304
5 0.0048828125 0.002564102564102564 0.009765625 0.003663003663003663
