2 0.01350438892640108 0.0068359375 0.02700877785280216 0.0146484375
5 0.013841998649561107 0.01171875 0.027683997299122215 0.01953125
0 0.07967589466576637 0.0322265625 0.15935178933153274 0.0673828125
6 0.03173531397704254 0.01318359375 0.06347062795408508 0.0322265625
5 0.003713706954760297 0.056640625 0.007427413909520594 0.1162109375
0 0.09419311276164753 0.037109375 0.18838622552329506 0.080078125
0 0.23193787981093855 0.05126953125 0.4638757596218771 0.1142578125
0 0.03713706954760297 0.029296875 0.07427413909520594 0.060546875
0 0.035111411208642807 0.02685546875 0.07022282241728561 0.0576171875
2 0.06110735989196489 0.0224609375 0.12221471978392978 0.0458984375
