2 0.03955078125 0.016483516483516484 0.0791015625 0.034432234432234435
2 0.0458984375 0.01575091575091575 0.091796875 0.03076923076923077
0 0.04296875 0.014285714285714285 0.0859375 0.02783882783882784
2 0.0498046875 0.009523809523809525 0.099609375 0.020512820512820513
2 0.06787109375 0.015384615384615385 0.1357421875 0.029304029304029304
2 0.0302734375 0.005494505494505495 0.060546875 0.01098901098901099
2 0.01904296875 0.005860805860805861 0.0380859375 0.012454212454212455
2 0.01513671875 0.005494505494505495 0.0302734375 0.011721611721611722
0 0.17626953125 0.04981684981684982 0.3525390625 0.10329670329670329
2 0.02880859375 0.008791208791208791 0.0576171875 0.01904761904761905
