0 0.19138881138392858 0.20472265829408684 0.38277762276785715 0.40889586603872313
5 0.0166015625 0.009523809523809525 0.033203125 0.040293040293040296
0 0.1083984375 0.13186813186813187 0.216796875 0.25957613814756664
6 0.00439453125 0.003663003663003663 0.0087890625 0.007326007326007326
6 0.0185546875 0.020146520146520148 0.037109375 0.040293040293040296
6 0.00732421875 0.0029304029304029304 0.0146484375 0.005860805860805861
5 0.0048828125 0.016483516483516484 0.009765625 0.0315018315018315
5 0.0068359375 0.0032967032967032967 0.013671875 0.005860805860805861
3 0.2789171006944444 0.013407072230601636 0.5578342013888888 0.0336996336996337
0 0.08262510557432423 0.01881001881001881 0.16525021114864846 0.06336006336006333
0 0.09369721283783772 0.04108504108504105 0.18739442567567544 0.062370062370062346
