0 0.03857421875 0.06336996336996337 0.0771484375 0.12527472527472527
0 0.259765625 0.056776556776556776 0.51953125 0.11794871794871795
5 0.02734375 0.004395604395604396 0.0546875 0.009523809523809525
4 0.0380859375 0.029304029304029304 0.076171875 0.060073260073260075
2 0.048828125 0.005860805860805861 0.09765625 0.008791208791208791
2 0.048828125 0.0062271062271062275 0.09765625 0.01098901098901099
6 0.00732421875 0.0032967032967032967 0.0146484375 0.007326007326007326
6 0.00732421875 0.00695970695970696 0.0146484375 0.014652014652014652
5 0.0224609375 0.0029304029304029304 0.044921875 0.005128205128205128
5 0.0185546875 0.002564102564102564 0.037109375 0.005860805860805861
5 0.0185546875 0.0032967032967032967 0.037109375 0.006593406593406593
5 0.02197265625 0.0032967032967032967 0.0439453125 0.006593406593406593
