2 0.02099609375 0.004395604395604396 0.0419921875 0.011721611721611722
2 0.11328125 0.054212454212454214 0.2265625 0.10842490842490843
0 0.02685546875 0.011355311355311355 0.0537109375 0.023443223443223443
6 0.01513671875 0.014652014652014652 0.0302734375 0.04322344322344322
6 0.0068359375 0.010256410256410256 0.013671875 0.023443223443223443
0 0.052734375 0.01575091575091575 0.10546875 0.07252747252747253
0 0.09619140625 0.22124542124542124 0.1923828125 0.44468864468864466
0 0.05073432807807811 0.011110011110011109 0.10146865615615622 0.02552002552002553
2 0.0068359375 0.01391941391941392 0.013671875 0.040293040293040296
2 0.00830078125 0.027106227106227107 0.0166015625 0.03296703296703297
