0 0.011721611721611722 0.00634765625 0.023443223443223443 0.0126953125
2 0.028205128205128206 0.0126953125 0.05641025641025641 0.0263671875
0 0.03626373626373627 0.00830078125 0.07252747252747253 0.0166015625
0 0.11245421245421246 0.01611328125 0.22490842490842491 0.03515625
2 0.007692307692307693 0.00390625 0.015384615384615385 0.0078125
2 0.00989010989010989 0.00439453125 0.01978021978021978 0.0087890625
2 0.005860805860805861 0.00390625 0.011721611721611722 0.0078125
2 0.023443223443223443 0.0107421875 0.046886446886446886 0.0234375
3 0.010622710622710623 0.005859375 0.021245421245421246 0.0126953125
2 0.09975961538461539 0.006103515625 0.19951923076923078 0.017578125
