0 0.041015625 0.010622710622710623 0.08203125 0.01904761904761905
2 0.09765625 0.020512820512820513 0.1953125 0.03296703296703297
6 0.01416015625 0.009523809523809525 0.0283203125 0.01684981684981685
0 0.09326171875 0.011721611721611722 0.1865234375 0.02271062271062271
2 0.0302734375 0.04798534798534799 0.060546875 0.10622710622710622
0 0.173828125 0.019413919413919414 0.34765625 0.034432234432234435
0 0.07421875 0.027472527472527472 0.1484375 0.054212454212454214
5 0.0361328125 0.019413919413919414 0.072265625 0.04835164835164835
0 0.18603515625 0.025274725274725275 0.3720703125 0.04981684981684982
0 0.07958984375 0.1945054945054945 0.1591796875 0.3838827838827839
0 0.04052734375 0.009523809523809525 0.0810546875 0.01904761904761905
0 0.125 0.19413919413919414 0.25 0.3641025641025641
2 0.16259765625 0.04542124542124542 0.3251953125 0.09597069597069598
2 0.18745185959507038 0.01611721611721612 0.37490371919014076 0.03301862456792034
