6 0.005128205128205128 0.00537109375 0.010256410256410256 0.0166015625
5 0.022344322344322345 0.0029296875 0.04468864468864469 0.0166015625
5 0.012454212454212455 0.00390625 0.02490842490842491 0.0146484375
5 0.02454212454212454 0.0068359375 0.04908424908424908 0.01171875
5 0.02857142857142857 0.0068359375 0.05714285714285714 0.017578125
2 0.05054945054945055 0.00537109375 0.1010989010989011 0.0185546875
0 0.00695970695970696 0.013671875 0.01391941391941392 0.0263671875
5 0.0029304029304029304 0.01318359375 0.005860805860805861 0.0263671875
0 0.0029304029304029304 0.0185546875 0.005860805860805861 0.0380859375
5 0.0029304029304029304 0.01416015625 0.005860805860805861 0.0283203125
5 0.00402930402930403 0.00830078125 0.00805860805860806 0.017578125
6 0.00402930402930403 0.00927734375 0.00805860805860806 0.0185546875
0 0.008791208791208791 0.0166015625 0.017582417582417582 0.0322265625
5 0.0029304029304029304 0.01611328125 0.005860805860805861 0.0341796875
5 0.0029304029304029304 0.017578125 0.005860805860805861 0.03515625
0 0.004761904761904762 0.0185546875 0.009523809523809525 0.0380859375
4 0.002564102564102564 0.00634765625 0.005128205128205128 0.0126953125
4 0.0032967032967032967 0.0078125 0.006593406593406593 0.0126953125
2 0.07545787545787545 0.02685546875 0.1509157509157509 0.0537109375
2 0.06117216117216117 0.029296875 0.12234432234432234 0.05859375
0 0.1391941391941392 0.03564453125 0.2783882783882784 0.0712890625
0 0.003663003663003663 0.01806640625 0.007326007326007326 0.037109375
0 0.24468864468864468 0.05859375 0.48937728937728936 0.1171875
5 0.015018315018315019 0.005859375 0.030036630036630037 0.0107421875
6 0.002564102564102564 0.0126953125 0.005128205128205128 0.025390625
