0 0.45458984375 0.04065934065934066 0.9091796875 0.08864468864468865
4 0.0087890625 0.005494505494505495 0.017578125 0.01098901098901099
5 0.0087890625 0.002564102564102564 0.017578125 0.004395604395604396
5 0.0029296875 0.00805860805860806 0.005859375 0.01611721611721612
5 0.015625 0.002564102564102564 0.03125 0.005128205128205128
5 0.01025390625 0.002564102564102564 0.0205078125 0.005128205128205128
5 0.0166015625 0.002197802197802198 0.033203125 0.003663003663003663
5 0.01220703125 0.002197802197802198 0.0244140625 0.004395604395604396
5 0.009765625 0.002564102564102564 0.01953125 0.005128205128205128
5 0.0029296875 0.01391941391941392 0.005859375 0.02857142857142857
