2 0.013671875 0.005128205128205128 0.02734375 0.010256410256410256
0 0.173828125 0.07252747252747253 0.34765625 0.14285714285714285
0 0.2744140625 0.050915750915750915 0.548828125 0.09084249084249084
2 0.041015625 0.011355311355311355 0.08203125 0.023443223443223443
2 0.04150390625 0.011721611721611722 0.0830078125 0.020512820512820513
2 0.0517578125 0.012087912087912088 0.103515625 0.02490842490842491
2 0.0439453125 0.013186813186813187 0.087890625 0.02564102564102564
2 0.07275390625 0.013186813186813187 0.1455078125 0.02857142857142857
0 0.04736328125 0.011721611721611722 0.0947265625 0.02490842490842491
2 0.103515625 0.017216117216117217 0.20703125 0.04249084249084249
0 0.0673828125 0.012087912087912088 0.134765625 0.02271062271062271
0 0.07421875 0.010256410256410256 0.1484375 0.024175824175824177
0 0.0810546875 0.012454212454212455 0.162109375 0.024175824175824177
2 0.0283203125 0.007326007326007326 0.056640625 0.01611721611721612
2 0.0283203125 0.00805860805860806 0.056640625 0.017582417582417582
2 0.03564453125 0.00989010989010989 0.0712890625 0.01684981684981685
2 0.029296875 0.009157509157509158 0.05859375 0.018315018315018316
2 0.05224609375 0.009523809523809525 0.1044921875 0.01684981684981685
4 0.0322265625 0.06996336996336996 0.064453125 0.13333333333333333
4 0.04541015625 0.04358974358974359 0.0908203125 0.08131868131868132
2 0.01806640625 0.005494505494505495 0.0361328125 0.01098901098901099
