5 0.0146484375 0.0029304029304029304 0.029296875 0.005128205128205128
0 0.01025390625 0.005494505494505495 0.0205078125 0.011721611721611722
5 0.060546875 0.005494505494505495 0.12109375 0.014652014652014652
6 0.0068359375 0.007326007326007326 0.013671875 0.015384615384615385
6 0.00927734375 0.009523809523809525 0.0185546875 0.01684981684981685
0 0.23095703125 0.06336996336996337 0.4619140625 0.12967032967032968
0 0.025390625 0.050915750915750915 0.05078125 0.1010989010989011
0 0.01318359375 0.02857142857142857 0.0263671875 0.054945054945054944
0 0.00830078125 0.035897435897435895 0.0166015625 0.07326007326007326
5 0.00537109375 0.004761904761904762 0.0107421875 0.008791208791208791
5 0.01513671875 0.0032967032967032967 0.0302734375 0.006593406593406593
