6 0.016057585825027684 0.05816226783968719 0.03211517165005537 0.12121212121212122
0 0.07308970099667775 0.04936461388074291 0.1461794019933555 0.09775171065493646
0 0.20376522702104097 0.10752688172043011 0.40753045404208194 0.20625610948191594
0 0.15753045404208194 0.06060606060606061 0.31506090808416387 0.11339198435972629
0 0.09136212624584718 0.044965786901270774 0.18272425249169436 0.08602150537634409
0 0.053156146179401995 0.020527859237536656 0.10631229235880399 0.039100684261974585
0 0.22148394241417496 0.07086999022482894 0.4429678848283499 0.12609970674486803
0 0.13372093023255813 0.04936461388074291 0.26744186046511625 0.09188660801564028
2 0.007475083056478406 0.017595307917888565 0.014950166112956811 0.03225806451612903
0 0.10991140642303433 0.10801564027370479 0.21982281284606867 0.18866080156402737
0 0.07447397563676633 0.051319648093841645 0.14894795127353266 0.10557184750733138
0 0.04706533776301218 0.021994134897360705 0.09413067552602436 0.04105571847507331
2 0.12236987818383167 0.024926686217008796 0.24473975636766335 0.04887585532746823
0 0.058970099667774084 0.04398826979472141 0.11794019933554817 0.07624633431085044
4 0.020487264673311186 0.04007820136852395 0.04097452934662237 0.08113391984359726
5 0.015503875968992248 0.00635386119257087 0.031007751937984496 0.013685239491691105
4 0.022978959025470654 0.008797653958944282 0.04595791805094131 0.019550342130987292
2 0.06727574750830564 0.02297165200391007 0.1345514950166113 0.04398826979472141
0 0.044850498338870434 0.015640273704789834 0.08970099667774087 0.030303030303030304
0 0.03737541528239203 0.013685239491691105 0.07475083056478406 0.02932551319648094
0 0.06395348837209303 0.04838709677419355 0.12790697674418605 0.09872922776148582
