6 0.01513671875 0.004761904761904762 0.0302734375 0.01391941391941392
5 0.00927734375 0.00805860805860806 0.0185546875 0.02197802197802198
4 0.01416015625 0.027472527472527472 0.0283203125 0.05860805860805861
5 0.03564453125 0.010622710622710623 0.0712890625 0.023443223443223443
0 0.03173828125 0.01282051282051282 0.0634765625 0.02564102564102564
2 0.00537109375 0.006593406593406593 0.0107421875 0.013186813186813187
6 0.0048828125 0.00805860805860806 0.009765625 0.017582417582417582
4 0.03125 0.03076923076923077 0.0625 0.06373626373626373
5 0.0458984375 0.00695970695970696 0.091796875 0.01391941391941392
0 0.029296875 0.08608058608058608 0.05859375 0.17875457875457876
5 0.02880859375 0.01098901098901099 0.0576171875 0.01904761904761905
6 0.017578125 0.028205128205128206 0.03515625 0.05567765567765568
2 0.015625 0.007326007326007326 0.03125 0.01391941391941392
2 0.01220703125 0.006593406593406593 0.0244140625 0.01391941391941392
6 0.02783203125 0.02600732600732601 0.0556640625 0.046153846153846156
0 0.0322265625 0.057509157509157506 0.064453125 0.11355311355311355
4 0.03076171875 0.020879120879120878 0.0615234375 0.06153846153846154
2 0.033203125 0.007326007326007326 0.06640625 0.01391941391941392
5 0.02587890625 0.005860805860805861 0.0517578125 0.010256410256410256
6 0.0185546875 0.05457875457875458 0.037109375 0.1054945054945055
0 0.06298828125 0.0684981684981685 0.1259765625 0.11868131868131868
2 0.02978515625 0.00805860805860806 0.0595703125 0.01611721611721612
0 0.21630859375 0.0684981684981685 0.4326171875 0.11941391941391942
0 0.07470703125 0.03553113553113553 0.1494140625 0.060073260073260075
0 0.197265625 0.040293040293040296 0.39453125 0.07912087912087912
6 0.0224609375 0.05531135531135531 0.044921875 0.10842490842490843
6 0.01318359375 0.005128205128205128 0.0263671875 0.010256410256410256
0 0.03125 0.01098901098901099 0.0625 0.02197802197802198
5 0.0222507911392405 0.0081142486205778 0.044501582278481 0.01715583994065018
6 0.019778481012658222 0.006491398896462206 0.039556962025316444 0.013446469142671702
