6 0.01025390625 0.013186813186813187 0.0205078125 0.026373626373626374
3 0.14546190571581197 0.010256410256410256 0.29092381143162394 0.02692464230925767
0 0.1083984375 0.04358974358974359 0.216796875 0.08424908424908426
0 0.111328125 0.041758241758241756 0.22265625 0.07838827838827839
5 0.0830078125 0.007692307692307693 0.166015625 0.01611721611721612
0 0.015625 0.02490842490842491 0.03125 0.047619047619047616
3 0.13596337473290598 0.008791208791208791 0.27192674946581197 0.023793869947715995
0 0.1572265625 0.036996336996337 0.314453125 0.0652014652014652
5 0.01220703125 0.001098901098901099 0.0244140625 0.003663003663003663
5 0.015625 0.002197802197802198 0.03125 0.003663003663003663
5 0.00537109375 0.0018315018315018315 0.0107421875 0.005860805860805861
