2 0.012087912087912088 0.01220703125 0.024175824175824177 0.0234375
5 0.016483516483516484 0.005859375 0.03296703296703297 0.0107421875
4 0.019413919413919414 0.02197265625 0.03882783882783883 0.044921875
5 0.007326007326007326 0.00439453125 0.014652014652014652 0.0078125
4 0.01904761904761905 0.029296875 0.0380952380952381 0.0546875
2 0.06776556776556776 0.015625 0.13553113553113552 0.0341796875
0 0.00402930402930403 0.01611328125 0.00805860805860806 0.0322265625
0 0.041758241758241756 0.01611328125 0.08351648351648351 0.0322265625
0 0.18827838827838828 0.076171875 0.37655677655677655 0.15234375
0 0.08095238095238096 0.02685546875 0.1619047619047619 0.0546875
0 0.039194139194139194 0.0263671875 0.07838827838827839 0.0498046875
6 0.01098901098901099 0.0048828125 0.02197802197802198 0.0087890625
0 0.18717948717948718 0.10693359375 0.37435897435897436 0.193359375
