5 0.02392578125 0.0032967032967032967 0.0478515625 0.006593406593406593
2 0.03955078125 0.011721611721611722 0.0791015625 0.024175824175824177
5 0.013671875 0.00402930402930403 0.02734375 0.010256410256410256
5 0.01220703125 0.004395604395604396 0.0244140625 0.009523809523809525
5 0.0263671875 0.005494505494505495 0.052734375 0.009523809523809525
0 0.0634765625 0.013553113553113554 0.126953125 0.02197802197802198
0 0.19921875 0.035897435897435895 0.3984375 0.07179487179487179
0 0.048828125 0.00805860805860806 0.09765625 0.014652014652014652
5 0.01513671875 0.0018315018315018315 0.0302734375 0.003663003663003663
6 0.01220703125 0.0062271062271062275 0.0244140625 0.014652014652014652
5 0.013671875 0.002197802197802198 0.02734375 0.004395604395604396
5 0.01123046875 0.0014652014652014652 0.0224609375 0.003663003663003663
5 0.02392578125 0.005128205128205128 0.0478515625 0.009523809523809525
5 0.060546875 0.0032967032967032967 0.12109375 0.008791208791208791
2 0.02880859375 0.008791208791208791 0.0576171875 0.017582417582417582
5 0.0107421875 0.005128205128205128 0.021484375 0.010256410256410256
5 0.0322265625 0.005860805860805861 0.064453125 0.011721611721611722
5 0.01708984375 0.0032967032967032967 0.0341796875 0.00805860805860806
