2 0.23046875 0.08131868131868132 0.4609375 0.1575091575091575
6 0.041015625 0.005494505494505495 0.08203125 0.009523809523809525
0 0.15478515625 0.040293040293040296 0.3095703125 0.08058608058608059
0 0.1396484375 0.0315018315018315 0.279296875 0.0652014652014652
0 0.1328125 0.02673992673992674 0.265625 0.06813186813186813
2 0.01220703125 0.00989010989010989 0.0244140625 0.01904761904761905
0 0.0185546875 0.0062271062271062275 0.037109375 0.011721611721611722
6 0.00341796875 0.005860805860805861 0.0068359375 0.01098901098901099
6 0.0048828125 0.005494505494505495 0.009765625 0.010256410256410256
4 0.0048828125 0.005860805860805861 0.009765625 0.012454212454212455
2 0.00439453125 0.005860805860805861 0.0087890625 0.013186813186813187
5 0.00537109375 0.005494505494505495 0.0107421875 0.011721611721611722
5 0.0048828125 0.007326007326007326 0.009765625 0.01611721611721612
5 0.01416015625 0.013186813186813187 0.0283203125 0.02271062271062271
