0 0.06923076923076923 0.01904296875 0.13846153846153847 0.03515625
2 0.01978021978021978 0.0185546875 0.03956043956043956 0.041015625
6 0.03956043956043956 0.0224609375 0.07912087912087912 0.0869140625
5 0.18608058608058609 0.04345703125 0.37216117216117217 0.1220703125
0 0.1315018315018315 0.0263671875 0.263003663003663 0.0595703125
2 0.08278388278388278 0.06201171875 0.16556776556776556 0.1201171875
3 0.13992673992673993 0.0283203125 0.27985347985347986 0.0498046875
3 0.1010989010989011 0.0224609375 0.2021978021978022 0.046875
3 0.12311778526917966 0.011672061752988072 0.24623557053835932 0.0361328125
3 0.11494119915172546 0.01318359375 0.22988239830345092 0.03405119243421051
