6 0.009157509157509158 0.00390625 0.018315018315018316 0.0087890625
5 0.00805860805860806 0.00244140625 0.01611721611721612 0.005859375
5 0.003663003663003663 0.00341796875 0.007326007326007326 0.005859375
2 0.0062271062271062275 0.0068359375 0.012454212454212455 0.0126953125
5 0.011721611721611722 0.00830078125 0.023443223443223443 0.0166015625
2 0.005128205128205128 0.00537109375 0.010256410256410256 0.0107421875
0 0.07362637362637363 0.02587890625 0.14725274725274726 0.0478515625
5 0.04139194139194139 0.0087890625 0.08278388278388278 0.0166015625
5 0.013186813186813187 0.009765625 0.026373626373626374 0.017578125
0 0.1824175824175824 0.05517578125 0.3648351648351648 0.12109375
6 0.004395604395604396 0.0029296875 0.008791208791208791 0.005859375
