2 0.0336996336996337 0.00927734375 0.0673992673992674 0.0234375
2 0.015384615384615385 0.0087890625 0.03076923076923077 0.021484375
2 0.005128205128205128 0.0107421875 0.010256410256410256 0.0205078125
2 0.018315018315018316 0.0107421875 0.03663003663003663 0.0263671875
2 0.011721611721611722 0.01171875 0.023443223443223443 0.0244140625
0 0.007692307692307693 0.021484375 0.015384615384615385 0.044921875
0 0.005128205128205128 0.02197265625 0.010256410256410256 0.044921875
0 0.005494505494505495 0.015625 0.01098901098901099 0.0283203125
0 0.005128205128205128 0.021484375 0.010256410256410256 0.0439453125
5 0.005494505494505495 0.017578125 0.01098901098901099 0.037109375
4 0.01098901098901099 0.01220703125 0.02197802197802198 0.0302734375
0 0.010622710622710623 0.06787109375 0.021245421245421246 0.1357421875
0 0.00805860805860806 0.0390625 0.01611721611721612 0.0810546875
0 0.3446886446886447 0.13720703125 0.6893772893772894 0.228515625
2 0.022344322344322345 0.0126953125 0.04468864468864469 0.029296875
2 0.020146520146520148 0.0107421875 0.040293040293040296 0.025390625
