0 0.23772893772893772 0.048828125 0.47545787545787543 0.1064453125
0 0.07362637362637363 0.0263671875 0.14725274725274726 0.0537109375
3 0.063003663003663 0.02490234375 0.126007326007326 0.048828125
0 0.10329670329670329 0.025390625 0.20659340659340658 0.0478515625
0 0.3120879120879121 0.12158203125 0.6241758241758242 0.220703125
2 0.07728937728937729 0.03466796875 0.15457875457875458 0.0693359375
2 0.08461538461538462 0.037109375 0.16923076923076924 0.07421875
0 0.03553113553113553 0.0244140625 0.07106227106227106 0.048828125
2 0.06923076923076923 0.0341796875 0.13846153846153847 0.068359375
2 0.07362637362637363 0.0400390625 0.14725274725274726 0.080078125
2 0.05457875457875458 0.0361328125 0.10915750915750916 0.072265625
