6 0.009765625 0.01575091575091575 0.01953125 0.0315018315018315
0 0.0696933392396907 0.0347985347985348 0.1393866784793814 0.054099165439371585
0 0.056640625 0.02454212454212454 0.11328125 0.05054945054945055
0 0.0537109375 0.02454212454212454 0.107421875 0.047619047619047616
0 0.08056640625 0.016483516483516484 0.1611328125 0.0315018315018315
6 0.01123046875 0.020512820512820513 0.0224609375 0.03882783882783883
5 0.0087890625 0.0032967032967032967 0.017578125 0.007326007326007326
3 0.15083863563144329 0.013217023526301887 0.30167727126288657 0.0315018315018315
5 0.0166015625 0.005494505494505495 0.033203125 0.01098901098901099
0 0.01220703125 0.02783882783882784 0.0244140625 0.05347985347985348
2 0.0361328125 0.023809523809523808 0.072265625 0.05934065934065934
2 0.0869140625 0.01575091575091575 0.173828125 0.06153846153846154
