0 0.3838827838827839 0.060546875 0.7677655677655678 0.1171875
2 0.00695970695970696 0.00390625 0.01391941391941392 0.0107421875
2 0.007326007326007326 0.0126953125 0.014652014652014652 0.0234375
2 0.00695970695970696 0.0146484375 0.01391941391941392 0.0283203125
2 0.0062271062271062275 0.01513671875 0.012454212454212455 0.02734375
0 0.10146520146520147 0.03076171875 0.20293040293040293 0.0634765625
5 0.004395604395604396 0.0166015625 0.008791208791208791 0.0322265625
5 0.00805860805860806 0.00439453125 0.01611721611721612 0.0107421875
6 0.006593406593406593 0.01513671875 0.013186813186813187 0.03125
6 0.00695970695970696 0.017578125 0.01391941391941392 0.0322265625
6 0.017582417582417582 0.005859375 0.035164835164835165 0.0166015625
5 0.01684981684981685 0.00244140625 0.0336996336996337 0.00390625
5 0.00805860805860806 0.00244140625 0.01611721611721612 0.00390625
5 0.02197802197802198 0.0029296875 0.04395604395604396 0.00390625
5 0.01978021978021978 0.0029296875 0.03956043956043956 0.00390625
5 0.019413919413919414 0.00244140625 0.03882783882783883 0.0048828125
2 0.01282051282051282 0.0048828125 0.02564102564102564 0.0087890625
5 0.03333333333333333 0.00390625 0.06666666666666667 0.0087890625
0 0.045054945054945054 0.0283203125 0.09010989010989011 0.0546875
5 0.04395604395604396 0.00927734375 0.08791208791208792 0.0185546875
0 0.020512820512820513 0.00732421875 0.041025641025641026 0.015625
3 0.46152547216377005 0.03173828125 0.9230509443275401 0.05610039893617014
0 0.13626373626373625 0.0302734375 0.2725274725274725 0.060546875
3 0.301737978333723 0.03173828125 0.603475956667446 0.05610039893617025
6 0.14743589743589744 0.0067138671875 0.2948717948717949 0.015869140625
