0 0.01953125 0.12087912087912088 0.0390625 0.24395604395604395
2 0.01318359375 0.031868131868131866 0.0263671875 0.06373626373626373
2 0.0224609375 0.013553113553113554 0.044921875 0.01978021978021978
5 0.0166015625 0.010622710622710623 0.033203125 0.02271062271062271
5 0.01806640625 0.00989010989010989 0.0361328125 0.02271062271062271
2 0.0205078125 0.010256410256410256 0.041015625 0.024175824175824177
2 0.01416015625 0.035897435897435895 0.0283203125 0.07032967032967033
2 0.01318359375 0.027472527472527472 0.0263671875 0.054212454212454214
2 0.013671875 0.023809523809523808 0.02734375 0.046886446886446886
0 0.044921875 0.012087912087912088 0.08984375 0.020512820512820513
5 0.04057548415492962 0.06861682918020948 0.08115096830985924 0.14136098643140899
