2 0.0615234375 0.010256410256410256 0.123046875 0.020512820512820513
2 0.029373972039473673 0.007229612492770375 0.058747944078947345 0.014652014652014652
2 0.0625 0.00695970695970696 0.125 0.012454212454212455
0 0.0400390625 0.00695970695970696 0.080078125 0.013186813186813187
0 0.2060546875 0.0380952380952381 0.412109375 0.07838827838827839
2 0.05322265625 0.006593406593406593 0.1064453125 0.012454212454212455
0 0.03271484375 0.007326007326007326 0.0654296875 0.013186813186813187
2 0.03369140625 0.00989010989010989 0.0673828125 0.01978021978021978
2 0.03806023848684209 0.006908296381980591 0.07612047697368418 0.014652014652014652
2 0.029373972039473673 0.007229612492770375 0.058747944078947345 0.014652014652014652
