2 0.09047619047619047 0.02001953125 0.18095238095238095 0.041015625
2 0.031868131868131866 0.02392578125 0.06373626373626373 0.044921875
4 0.009523809523809525 0.00927734375 0.01904761904761905 0.02734375
4 0.00989010989010989 0.0126953125 0.01978021978021978 0.0244140625
4 0.006593406593406593 0.00927734375 0.013186813186813187 0.0185546875
5 0.008424908424908424 0.0048828125 0.01684981684981685 0.0078125
5 0.010256410256410256 0.005859375 0.020512820512820513 0.009765625
6 0.008791208791208791 0.0146484375 0.017582417582417582 0.02734375
5 0.00989010989010989 0.00634765625 0.01978021978021978 0.01171875
6 0.006593406593406593 0.0126953125 0.013186813186813187 0.0263671875
5 0.010622710622710623 0.0048828125 0.021245421245421246 0.009765625
0 0.20512820512820512 0.0537109375 0.41025641025641024 0.111328125
