0 0.05457875457875458 0.03076171875 0.10915750915750916 0.0615234375
0 0.08937728937728938 0.02880859375 0.17875457875457876 0.0537109375
2 0.018315018315018316 0.01025390625 0.03663003663003663 0.021484375
0 0.152014652014652 0.09716796875 0.304029304029304 0.1923828125
2 0.011355311355311355 0.0078125 0.02271062271062271 0.013671875
0 0.02161172161172161 0.00634765625 0.04322344322344322 0.0126953125
2 0.010256410256410256 0.0087890625 0.020512820512820513 0.0185546875
2 0.022344322344322345 0.00830078125 0.04468864468864469 0.0146484375
0 0.01611721611721612 0.0205078125 0.03223443223443224 0.0439453125
0 0.1227106227106227 0.03662109375 0.2454212454212454 0.06640625
4 0.010622710622710623 0.03466796875 0.021245421245421246 0.0322265625
