0 0.2900390625 0.06279382135661518 0.580078125 0.09670920080591
5 0.005859375 0.0036937541974479517 0.01171875 0.006715916722632639
0 0.0205078125 0.15043653458697112 0.041015625 0.3049026192075218
0 0.056640625 0.007723304231027535 0.11328125 0.014775016789791807
0 0.056640625 0.012760241773002015 0.11328125 0.01880456682337139
0 0.02587890625 0.011417058428475487 0.0517578125 0.02350570852921424
0 0.0234375 0.010409670920080591 0.046875 0.02216252518468771
5 0.005859375 0.04432505036937542 0.01171875 0.08394895903290799
0 0.0302734375 0.010409670920080591 0.060546875 0.0241773002014775
5 0.00732421875 0.02719946272666219 0.0146484375 0.050369375419744795
2 0.02294921875 0.007051712558764272 0.0458984375 0.014775016789791807
