5 0.00732421875 0.02893772893772894 0.0146484375 0.05714285714285714
5 0.0087890625 0.00989010989010989 0.017578125 0.01978021978021978
5 0.01025390625 0.010256410256410256 0.0205078125 0.01978021978021978
5 0.0078125 0.01575091575091575 0.015625 0.03076923076923077
2 0.0078125 0.013553113553113554 0.015625 0.02490842490842491
5 0.0078125 0.023443223443223443 0.015625 0.046153846153846156
2 0.00634765625 0.012454212454212455 0.0126953125 0.024175824175824177
0 0.158203125 0.11648351648351649 0.31640625 0.22197802197802197
0 0.16943359375 0.04468864468864469 0.3388671875 0.08937728937728938
0 0.01025390625 0.16446886446886447 0.0205078125 0.32893772893772893
0 0.0107421875 0.17399267399267399 0.021484375 0.3465201465201465
0 0.01025390625 0.11465201465201465 0.0205078125 0.22857142857142856
0 0.015625 0.02161172161172161 0.03125 0.041758241758241756
0 0.01513671875 0.020879120879120878 0.0302734375 0.041025641025641026
0 0.01220703125 0.13626373626373625 0.0244140625 0.2673992673992674
0 0.01611328125 0.07326007326007326 0.0322265625 0.1457875457875458
0 0.17529296875 0.027106227106227107 0.3505859375 0.05567765567765568
0 0.017578125 0.05787545787545788 0.03515625 0.10695970695970695
