0 0.01025390625 0.057509157509157506 0.0205078125 0.1076923076923077
0 0.01025390625 0.034432234432234435 0.0205078125 0.0652014652014652
5 0.00439453125 0.007326007326007326 0.0087890625 0.013186813186813187
0 0.13232421875 0.025274725274725275 0.2646484375 0.05201465201465202
5 0.0185546875 0.003663003663003663 0.037109375 0.007326007326007326
2 0.0126953125 0.003663003663003663 0.025390625 0.007326007326007326
5 0.02392578125 0.00402930402930403 0.0478515625 0.00805860805860806
0 0.01904296875 0.01098901098901099 0.0380859375 0.020512820512820513
5 0.017578125 0.00402930402930403 0.03515625 0.007326007326007326
5 0.04150390625 0.027472527472527472 0.0830078125 0.06593406593406594
5 0.0244140625 0.012087912087912088 0.048828125 0.027106227106227107
5 0.0048828125 0.013186813186813187 0.009765625 0.027106227106227107
6 0.01025390625 0.010622710622710623 0.0205078125 0.02197802197802198
5 0.005192699399656948 0.0051520806237787455 0.010385398799313897 0.009298877223405532
6 0.01999038013059702 0.00402930402930403 0.03998076026119404 0.008337433710568016
5 0.021484375 0.006593406593406593 0.04296875 0.010256410256410256
6 0.010766657175398597 0.02271062271062271 0.021533314350797195 0.04322177442906372
5 0.005443959048027445 0.00477509911472176 0.01088791809605489 0.0042724571026457395
6 0.0027638561320754776 0.010743973008123952 0.005527712264150955 0.009047556217367542
