0 0.0234375 0.044322344322344324 0.046875 0.09304029304029304
0 0.02880859375 0.04835164835164835 0.0576171875 0.09963369963369964
0 0.126953125 0.06886446886446887 0.25390625 0.1641025641025641
0 0.02294921875 0.04322344322344322 0.0458984375 0.09010989010989011
6 0.00732421875 0.014285714285714285 0.0146484375 0.026373626373626374
0 0.0205078125 0.0967032967032967 0.041015625 0.19267399267399268
2 0.0205078125 0.010256410256410256 0.041015625 0.01904761904761905
0 0.02197265625 0.017582417582417582 0.0439453125 0.03223443223443224
0 0.0087890625 0.05714285714285714 0.017578125 0.11208791208791209
0 0.021484375 0.02161172161172161 0.04296875 0.0380952380952381
5 0.01123046875 0.015018315018315019 0.0224609375 0.03296703296703297
5 0.01220703125 0.014285714285714285 0.0244140625 0.02857142857142857
0 0.0126953125 0.08388278388278388 0.025390625 0.1706959706959707
