0 0.02197802197802198 0.01025390625 0.04395604395604396 0.021484375
5 0.0032967032967032967 0.01123046875 0.006593406593406593 0.0224609375
5 0.011355311355311355 0.00341796875 0.02271062271062271 0.005859375
5 0.002197802197802198 0.009765625 0.004395604395604396 0.01953125
2 0.008424908424908424 0.0087890625 0.01684981684981685 0.0166015625
0 0.11391941391941392 0.0361328125 0.22783882783882783 0.0673828125
6 0.00805860805860806 0.001953125 0.01611721611721612 0.013671875
5 0.02161172161172161 0.005859375 0.04322344322344322 0.0126953125
6 0.005860805860805861 0.0078125 0.011721611721611722 0.01171875
0 0.4509157509157509 0.09521484375 0.9018315018315018 0.212890625
6 0.03553113553113553 0.00439453125 0.07106227106227106 0.0087890625
2 0.020146520146520148 0.01025390625 0.040293040293040296 0.017578125
6 0.005494505494505495 0.0078125 0.01098901098901099 0.0087890625
0 0.014652014652014652 0.00732421875 0.029304029304029304 0.0166015625
