2 0.09084249084249084 0.0185546875 0.18168498168498168 0.037109375
5 0.04358974358974359 0.00634765625 0.08717948717948718 0.0126953125
2 0.031135531135531136 0.01416015625 0.06227106227106227 0.02734375
2 0.007692307692307693 0.00244140625 0.015384615384615385 0.005859375
0 0.20183150183150184 0.0478515625 0.40366300366300367 0.09375
0 0.0695970695970696 0.02880859375 0.1391941391941392 0.056640625
2 0.00695970695970696 0.0068359375 0.01391941391941392 0.0107421875
6 0.004395604395604396 0.05908203125 0.008791208791208791 0.1171875
2 0.003663003663003663 0.015625 0.007326007326007326 0.037109375
2 0.023443223443223443 0.009765625 0.046886446886446886 0.015625
2 0.010256410256410256 0.0009765625 0.020512820512820513 0.0146484375
