3 0.05712890625 0.11428571428571428 0.1142578125 0.25934065934065936
5 0.0322265625 0.0032967032967032967 0.064453125 0.008791208791208791
2 0.01220703125 0.006593406593406593 0.0244140625 0.014652014652014652
2 0.0185546875 0.00805860805860806 0.037109375 0.015384615384615385
2 0.01318359375 0.006593406593406593 0.0263671875 0.013186813186813187
2 0.126953125 0.01684981684981685 0.25390625 0.04249084249084249
0 0.0322265625 0.013553113553113554 0.064453125 0.024175824175824177
0 0.03515625 0.07179487179487179 0.0703125 0.1449985911524373
0 0.052734375 0.010256410256410256 0.10546875 0.01978021978021978
2 0.04443359375 0.011355311355311355 0.0888671875 0.01978021978021978
2 0.04541015625 0.013186813186813187 0.0908203125 0.026373626373626374
2 0.0439453125 0.005860805860805861 0.087890625 0.012454212454212455
5 0.046875 0.002197802197802198 0.09375 0.003663003663003663
0 0.0458984375 0.008791208791208791 0.091796875 0.018315018315018316
