0 0.10546875 0.05274725274725275 0.2109375 0.1054945054945055
0 0.0947265625 0.14542124542124543 0.189453125 0.29084249084249086
0 0.2958984375 0.09816849816849817 0.591796875 0.21245421245421245
0 0.29736328125 0.11465201465201465 0.5947265625 0.21978021978021978
6 0.0361328125 0.04065934065934066 0.072265625 0.08131868131868132
5 0.020996093750000056 0.0076923076923077005 0.04199218750000011 0.014652014652014673
5 0.00732421875 0.014285714285714285 0.0146484375 0.027106227106227107
4 0.01025390625 0.006593406593406593 0.0205078125 0.013186813186813187
5 0.009726718127490042 0.012041212439618825 0.019453436254980083 0.024809188155801697
5 0.009765625 0.011721611721611722 0.01953125 0.023443223443223443
0 0.09619140625 0.2153846153846154 0.1923828125 0.4307692307692308
0 0.09521484375 0.21355311355311354 0.1904296875 0.4271062271062271
6 0.0279017857142857 0.011628583057154486 0.0558035714285714 0.0261643118785976
6 0.02790178571428581 0.011628583057154486 0.05580357142857162 0.020931449502878105
