6 0.013553113553113554 0.0126953125 0.027106227106227107 0.02734375
0 0.024175824175824177 0.0478515625 0.04835164835164835 0.1015625
5 0.005128205128205128 0.01171875 0.010256410256410256 0.021484375
6 0.009157509157509158 0.0048828125 0.018315018315018316 0.009765625
6 0.0315018315018315 0.0224609375 0.063003663003663 0.04296875
6 0.06336996336996337 0.0078125 0.12673992673992673 0.013671875
5 0.0663003663003663 0.00341796875 0.1326007326007326 0.009765625
6 0.013186813186813187 0.013671875 0.026373626373626374 0.0263671875
6 0.00989010989010989 0.015625 0.01978021978021978 0.029296875
6 0.013553113553113554 0.0146484375 0.027106227106227107 0.0234375
5 0.009523809523809525 0.00537109375 0.01904761904761905 0.0087890625
6 0.014652014652014652 0.00537109375 0.029304029304029304 0.01171875
0 0.01282051282051282 0.00439453125 0.02564102564102564 0.0078125
0 0.004761904761904762 0.0107421875 0.009523809523809525 0.0205078125
0 0.011721611721611722 0.02197265625 0.023443223443223443 0.046875
2 0.04249084249084249 0.01953125 0.08498168498168499 0.0400390625
6 0.019413919413919414 0.0146484375 0.03882783882783883 0.0302734375
0 0.01098901098901099 0.021484375 0.02197802197802198 0.0439453125
2 0.10256410256410256 0.03662109375 0.20512820512820512 0.0703125
0 0.2783882783882784 0.056640625 0.5567765567765568 0.1015625
