2 0.1232928679817906 0.0439453125 0.2465857359635812 0.078125
0 0.2742792109256449 0.08251953125 0.5485584218512898 0.1328125
2 0.025796661608497723 0.00732421875 0.051593323216995446 0.01171875
5 0.004552352048558422 0.01708984375 0.009104704097116844 0.033203125
5 0.005311077389984826 0.0107421875 0.010622154779969651 0.021484375
6 0.0018968133535660092 0.01171875 0.0037936267071320183 0.0244140625
6 0.004931714719271623 0.01318359375 0.009863429438543247 0.0234375
0 0.057283763277693474 0.1416015625 0.11456752655538695 0.3017578125
0 0.0625948406676783 0.154296875 0.1251896813353566 0.318359375
4 0.033144317546521834 0.06887335526315791 0.06628863509304367 0.12643914473684215
