6 0.01025390625 0.008791208791208791 0.0205078125 0.017582417582417582
2 0.01123046875 0.007326007326007326 0.0224609375 0.015384615384615385
0 0.04638671875 0.1443223443223443 0.0927734375 0.2923076923076923
2 0.16064453125 0.03626373626373627 0.3212890625 0.0695970695970696
2 0.0146484375 0.0062271062271062275 0.029296875 0.011721611721611722
2 0.009765625 0.005494505494505495 0.01953125 0.01098901098901099
2 0.02294921875 0.006593406593406593 0.0458984375 0.01098901098901099
0 0.16064453125 0.06190476190476191 0.3212890625 0.11794871794871795
0 0.154296875 0.050183150183150185 0.30859375 0.10402930402930403
0 0.15771484375 0.04908424908424908 0.3154296875 0.10256410256410256
2 0.03369140625 0.03626373626373627 0.0673828125 0.07472527472527472
