2 0.07275390625 0.02969561989606535 0.1455078125 0.0593912397921307
2 0.01611328125 0.005939123979213066 0.0322265625 0.011135857461024499
2 0.03564453125 0.006310319227913883 0.0712890625 0.011878247958426132
5 0.005859375 0.012249443207126948 0.01171875 0.022271714922048998
4 0.072265625 0.07052709725315516 0.14453125 0.11358574610244988
0 0.13232421875 0.062360801781737196 0.2646484375 0.04083147735708983
2 0.05712890625 0.008537490720118782 0.1142578125 0.019302152932442463
0 0.041015625 0.007839123378897321 0.08203125 0.01855976243504083
2 0.078125 0.02190051967334818 0.15625 0.06533036377134373
0 0.078125 0.025983667409057165 0.15625 0.05196733481811433
5 0.01318359375 0.004454342984409799 0.0263671875 0.010393466963622866
5 0.0185546875 0.013734224201930215 0.037109375 0.026726057906458798
5 0.0078125 0.015219005196733483 0.015625 0.03414996288047513
2 0.01708984375 0.15256124721603564 0.0341796875 0.29915980250055957
0 0.04931640625 0.022642910170749816 0.0986328125 0.04825538233110616
3 0.02880859375 0.2164068299925761 0.0576171875 0.4305864884929473
0 0.01953125 0.05011135857461024 0.0390625 0.09948032665181886
2 0.01611328125 0.013363028953229399 0.0322265625 0.03192279138827023
0 0.0498046875 0.009279881217520415 0.099609375 0.01855976243504083
3 0.068695068359375 0.007052709725315516 0.13739013671875 0.017786439000247577
0 0.0419921875 0.009279881217520415 0.083984375 0.017817371937639197
