5 0.03857421875 0.008064516129032258 0.0771484375 0.017595307917888565
5 0.0029296875 0.011363636363636364 0.005859375 0.021994134897360705
5 0.0029296875 0.008064516129032258 0.005859375 0.01686217008797654
5 0.00341796875 0.006598240469208211 0.0068359375 0.016129032258064516
0 0.1923828125 0.06121700879765396 0.384765625 0.1063049853372434
5 0.00732421875 0.002565982404692082 0.0146484375 0.005131964809384164
5 0.0048828125 0.025293255131964808 0.009765625 0.050586510263929615
0 0.00439453125 0.024926686217008796 0.0087890625 0.04985337243401759
0 0.00830078125 0.0373900293255132 0.0166015625 0.0747800586510264
0 0.01953125 0.006964809384164223 0.0390625 0.013196480938416423
5 0.00830078125 0.10190615835777127 0.0166015625 0.20381231671554254
5 0.00537109375 0.015762463343108504 0.0107421875 0.030791788856304986
0 0.033259737318840576 0.11422074886310511 0.06651947463768115 0.2326915721025118
