0 0.038461538461538464 0.01123046875 0.07692307692307693 0.0205078125
0 0.03663003663003663 0.01171875 0.07326007326007326 0.021484375
0 0.017948717948717947 0.00634765625 0.035897435897435895 0.0126953125
0 0.008424908424908424 0.00537109375 0.01684981684981685 0.0126953125
2 0.009157509157509158 0.0048828125 0.018315018315018316 0.0107421875
2 0.0032967032967032967 0.0087890625 0.006593406593406593 0.015625
2 0.0062271062271062275 0.00537109375 0.012454212454212455 0.009765625
0 0.017948717948717947 0.005859375 0.035897435897435895 0.01171875
0 0.01904761904761905 0.00634765625 0.0380952380952381 0.013671875
5 0.009157509157509158 0.0048828125 0.018315018315018316 0.0078125
2 0.16996336996336997 0.06103515625 0.33992673992673994 0.11328125
0 0.19743589743589743 0.056640625 0.39487179487179486 0.099609375
3 0.004761904761904762 0.015625 0.009523809523809525 0.0302734375
6 0.008424908424908424 0.00634765625 0.01684981684981685 0.0126953125
4 0.008791208791208791 0.01513671875 0.017582417582417582 0.02734375
4 0.014285714285714285 0.01953125 0.02857142857142857 0.037109375
2 0.05970695970695971 0.0322265625 0.11941391941391942 0.0615234375
6 0.01282051282051282 0.0107421875 0.02564102564102564 0.0302734375
5 0.006593406593406593 0.00341796875 0.013186813186813187 0.0078125
5 0.0032967032967032967 0.00390625 0.006593406593406593 0.0068359375
6 0.007093845122014147 0.008768430897887314 0.014187690244028293 0.01753686179577474
