5 0.0107421875 0.00402930402930403 0.021484375 0.00805860805860806
5 0.03369140625 0.01684981684981685 0.0673828125 0.015384615384615385
5 0.01513671875 0.015018315018315019 0.0302734375 0.024175824175824177
5 0.02392578125 0.012454212454212455 0.0478515625 0.02564102564102564
5 0.06982421875 0.027472527472527472 0.1396484375 0.046886446886446886
4 0.00439453125 0.00402930402930403 0.0087890625 0.009523809523809525
2 0.00439453125 0.005860805860805861 0.0087890625 0.013186813186813187
4 0.0048828125 0.004395604395604396 0.009765625 0.00805860805860806
4 0.00439453125 0.004395604395604396 0.0087890625 0.008791208791208791
2 0.00390625 0.005860805860805861 0.0078125 0.011721611721611722
4 0.00537109375 0.00402930402930403 0.0107421875 0.009523809523809525
6 0.0068359375 0.010256410256410256 0.013671875 0.02197802197802198
5 0.0068359375 0.0032967032967032967 0.013671875 0.005860805860805861
5 0.00927734375 0.003663003663003663 0.0185546875 0.006593406593406593
6 0.01416015625 0.01611721611721612 0.0283203125 0.03296703296703297
5 0.005859375 0.0032967032967032967 0.01171875 0.005860805860805861
2 0.0498046875 0.005494505494505495 0.099609375 0.015384615384615385
2 0.205078125 0.047619047619047616 0.41015625 0.08571428571428572
0 0.04638671875 0.007692307692307693 0.0927734375 0.015384615384615385
5 0.04345703125 0.004761904761904762 0.0869140625 0.013186813186813187
5 0.017578125 0.005860805860805861 0.03515625 0.010256410256410256
5 0.01123046875 0.003663003663003663 0.0224609375 0.007326007326007326
2 0.00439453125 0.005860805860805861 0.0087890625 0.013186813186813187
2 0.00341796875 0.005494505494505495 0.0068359375 0.01391941391941392
5 0.0380859375 0.013186813186813187 0.076171875 0.021245421245421246
5 0.00439453125 0.01575091575091575 0.0087890625 0.0315018315018315
5 0.01318359375 0.002564102564102564 0.0263671875 0.005860805860805861
2 0.0126953125 0.005128205128205128 0.025390625 0.009523809523809525
5 0.009765625 0.003663003663003663 0.01953125 0.007326007326007326
0 0.047556559244791685 0.014499389499389503 0.09511311848958337 0.026327838827838828
6 0.023370726495726468 0.02348079271156195 0.046741452991452936 0.09705394320778936
