0 0.072265625 0.01391941391941392 0.14453125 0.02783882783882784
0 0.14501953125 0.022344322344322345 0.2900390625 0.04468864468864469
0 0.1162109375 0.045054945054945054 0.232421875 0.0967032967032967
2 0.03369140625 0.005860805860805861 0.0673828125 0.010256410256410256
2 0.025390625 0.006593406593406593 0.05078125 0.011721611721611722
0 0.07177734375 0.013186813186813187 0.1435546875 0.026373626373626374
0 0.14453125 0.025274725274725275 0.2890625 0.046153846153846156
0 0.031895791330645185 0.012513293158454437 0.06379158266129037 0.024175824175824177
2 0.02685546875 0.0336996336996337 0.0537109375 0.0652014652014652
3 0.14829574092741937 0.010929930284769006 0.29659148185483875 0.02271062271062271
3 0.20379565135542166 0.009856274916515865 0.4075913027108433 0.02197802197802198
0 0.06884765625 0.013553113553113554 0.1376953125 0.027106227106227107
0 0.07080078125 0.013186813186813187 0.1416015625 0.026373626373626374
0 0.0712890625 0.013553113553113554 0.142578125 0.027106227106227107
0 0.07177734375 0.013186813186813187 0.1435546875 0.026373626373626374
0 0.18701171875 0.05311355311355311 0.3740234375 0.10695970695970695
