2 0.29052734375 0.031868131868131866 0.5810546875 0.060073260073260075
5 0.0068359375 0.01978021978021978 0.013671875 0.04322344322344322
5 0.0068359375 0.020512820512820513 0.013671875 0.0336996336996337
5 0.005859375 0.023443223443223443 0.01171875 0.0336996336996337
0 0.28369140625 0.04798534798534799 0.5673828125 0.0989010989010989
0 0.28759765625 0.03626373626373627 0.5751953125 0.08424908424908426
5 0.00732421875 0.021245421245421246 0.0146484375 0.046153846153846156
5 0.00439453125 0.010622710622710623 0.0087890625 0.02197802197802198
3 0.16901129645270274 0.02161172161172161 0.3380225929054055 0.039600039600039605
5 0.00439453125 0.015384615384615385 0.0087890625 0.04249084249084249
