2 0.058038007190549565 0.02880859375 0.11607601438109913 0.056640625
2 0.03903441191576785 0.01171875 0.0780688238315357 0.02734375
3 0.0906522855675398 0.01318359375 0.1813045711350796 0.025390625
0 0.016435541859270673 0.083984375 0.03287108371854135 0.166015625
0 0.012840267077555213 0.05810546875 0.025680534155110426 0.1142578125
0 0.4083204930662558 0.12646484375 0.8166409861325116 0.169921875
6 0.05007704160246533 0.02197265625 0.10015408320493066 0.0341796875
3 0.15991482622838554 0.02880859375 0.3198296524567711 0.05696614583333326
0 0.025166923472008218 0.02294921875 0.050333846944016436 0.044921875
6 0.010529019003595274 0.021484375 0.021058038007190548 0.0390625
3 0.11248073959938366 0.02587890625 0.22496147919876733 0.0478515625
