6 0.0048828125 0.011721611721611722 0.009765625 0.02564102564102564
2 0.0205078125 0.007326007326007326 0.041015625 0.01611721611721612
2 0.02392578125 0.01282051282051282 0.0478515625 0.03076923076923077
2 0.0146484375 0.01098901098901099 0.029296875 0.021245421245421246
2 0.0205078125 0.005860805860805861 0.041015625 0.01098901098901099
2 0.05859375 0.012087912087912088 0.1171875 0.02271062271062271
5 0.02294921875 0.0 0.0458984375 0.02271062271062271
0 0.01611328125 0.01575091575091575 0.0322265625 0.03076923076923077
2 0.05810546875 0.014285714285714285 0.1162109375 0.024175824175824177
6 0.02099609375 0.004761904761904762 0.0419921875 0.0315018315018315
0 0.04638671875 0.11428571428571428 0.0927734375 0.2271062271062271
2 0.07470703125 0.021245421245421246 0.1494140625 0.046886446886446886
0 0.05419921875 0.09340659340659341 0.1083984375 0.18974358974358974
0 0.078125 0.01282051282051282 0.15625 0.02490842490842491
0 0.06640625 0.011721611721611722 0.1328125 0.021245421245421246
0 0.0361328125 0.011355311355311355 0.072265625 0.021245421245421246
2 0.0361328125 0.01575091575091575 0.072265625 0.029304029304029304
2 0.03466796875 0.02161172161172161 0.0693359375 0.0945054945054945
2 0.07421875 0.03406593406593406 0.1484375 0.06153846153846154
0 0.06005859375 0.01098901098901099 0.1201171875 0.020512820512820513
2 0.03759765625 0.027106227106227107 0.0751953125 0.06227106227106227
2 0.08203125 0.010256410256410256 0.1640625 0.01978021978021978
