0 0.08021978021978023 0.01904296875 0.16043956043956045 0.0361328125
0 0.08315018315018315 0.029296875 0.1663003663003663 0.0615234375
0 0.03772893772893773 0.0234375 0.07545787545787545 0.05078125
0 0.03882783882783883 0.02392578125 0.07765567765567766 0.0537109375
4 0.01978021978021978 0.0224609375 0.03956043956043956 0.046875
6 0.03623403623403621 0.0395903716216216 0.07246807246807242 0.07918074324324326
0 0.029304029304029304 0.1669921875 0.05860805860805861 0.326171875
0 0.0695970695970696 0.0185546875 0.1391941391941392 0.037109375
0 0.15274725274725276 0.0439453125 0.3054945054945055 0.0888671875
0 0.0641025641025641 0.0205078125 0.1282051282051282 0.0419921875
0 0.0652014652014652 0.02099609375 0.1304029304029304 0.0390625
6 0.005956103517079123 0.009527439024390238 0.011912207034158247 0.019054878048780477
