2 0.0107421875 0.007326007326007326 0.021484375 0.01611721611721612
0 0.39599609375 0.06996336996336996 0.7919921875 0.15824175824175823
5 0.00439453125 0.01098901098901099 0.0087890625 0.021245421245421246
5 0.01416015625 0.0029304029304029304 0.0283203125 0.006593406593406593
5 0.00732421875 0.010622710622710623 0.0146484375 0.02271062271062271
6 0.01318359375 0.009523809523809525 0.0263671875 0.017582417582417582
6 0.02978515625 0.006593406593406593 0.0595703125 0.02271062271062271
5 0.033203125 0.013186813186813187 0.06640625 0.02564102564102564
2 0.01416015625 0.00695970695970696 0.0283203125 0.014652014652014652
0 0.0166015625 0.039194139194139194 0.033203125 0.07912087912087912
