2 0.01025390625 0.0032967032967032967 0.0205078125 0.006593406593406593
5 0.0380859375 0.016483516483516484 0.076171875 0.029304029304029304
5 0.0830078125 0.01282051282051282 0.166015625 0.024175824175824177
5 0.0712890625 0.014652014652014652 0.142578125 0.03076923076923077
5 0.0712890625 0.027472527472527472 0.142578125 0.04835164835164835
5 0.07763671875 0.020146520146520148 0.1552734375 0.035897435897435895
0 0.00732421875 0.05934065934065934 0.0146484375 0.12234432234432234
5 0.025390625 0.1054945054945055 0.05078125 0.21684981684981686
0 0.00732421875 0.06153846153846154 0.0146484375 0.12161172161172161
0 0.0556640625 0.35824175824175825 0.111328125 0.7120879120879121
2 0.05095108695652173 0.044593088071348944 0.10190217391304346 0.08706269575834798
2 0.08704144021739124 0.04618569835961144 0.17408288043478248 0.08918617614269789
6 0.02531828703703698 0.024872247094469307 0.05063657407407396 0.048840048840048854
