0 0.08056640625 0.008791208791208791 0.1611328125 0.017582417582417582
5 0.00634765625 0.3087912087912088 0.0126953125 0.6322344322344322
4 0.01611328125 0.01904761904761905 0.0322265625 0.035897435897435895
4 0.01904296875 0.02564102564102564 0.0380859375 0.04908424908424908
5 0.013671875 0.010622710622710623 0.02734375 0.024175824175824177
6 0.01953125 0.02271062271062271 0.0390625 0.04542124542124542
0 0.0703125 0.014652014652014652 0.140625 0.02857142857142857
6 0.01611328125 0.011721611721611722 0.0322265625 0.02490842490842491
0 0.02001953125 0.011355311355311355 0.0400390625 0.021245421245421246
0 0.01953125 0.01098901098901099 0.0390625 0.02271062271062271
2 0.009765625 0.012454212454212455 0.01953125 0.024175824175824177
0 0.01904296875 0.06227106227106227 0.0380859375 0.12087912087912088
2 0.0390625 0.00695970695970696 0.078125 0.013186813186813187
0 0.34765625 0.036996336996337 0.6953125 0.08424908424908426
0 0.08203125 0.01391941391941392 0.1640625 0.027106227106227107
0 0.078125 0.013186813186813187 0.15625 0.026373626373626374
0 0.07666015625 0.012454212454212455 0.1533203125 0.02490842490842491
0 0.01904296875 0.05531135531135531 0.0380859375 0.11208791208791209
2 0.00732421875 0.004395604395604396 0.0146484375 0.00805860805860806
6 0.01953125 0.002564102564102564 0.0390625 0.010256410256410256
6 0.0078125 0.009157509157509158 0.015625 0.018315018315018316
6 0.00732421875 0.009523809523809525 0.0146484375 0.01904761904761905
4 0.02099609375 0.035897435897435895 0.0419921875 0.07765567765567766
3 0.1416015624999998 0.016483516483516484 0.2832031249999996 0.034432234432234435
5 0.0087890625 0.013186813186813187 0.017578125 0.034432234432234435
5 0.02099609375 0.00402930402930403 0.0419921875 0.00805860805860806
