5 0.009157509157509158 0.0029296875 0.018315018315018316 0.005859375
5 0.02490842490842491 0.03662109375 0.04981684981684982 0.087890625
5 0.04652014652014652 0.03271484375 0.09304029304029304 0.06640625
5 0.01098901098901099 0.04443359375 0.02197802197802198 0.08984375
5 0.00805860805860806 0.0439453125 0.01611721611721612 0.0908203125
5 0.039194139194139194 0.0126953125 0.07838827838827839 0.0263671875
5 0.002197802197802198 0.00830078125 0.004395604395604396 0.017578125
5 0.006593406593406593 0.005859375 0.013186813186813187 0.01171875
5 0.007692307692307693 0.005859375 0.015384615384615385 0.0126953125
5 0.008791208791208791 0.00341796875 0.017582417582417582 0.0087890625
5 0.0336996336996337 0.00927734375 0.0673992673992674 0.0146484375
0 0.050183150183150185 0.01416015625 0.10036630036630037 0.0263671875
2 0.007692307692307693 0.0068359375 0.015384615384615385 0.0146484375
0 0.013553113553113554 0.0390625 0.027106227106227107 0.0771484375
0 0.05897435897435897 0.04052734375 0.11794871794871795 0.0810546875
5 0.031868131868131866 0.01171875 0.06373626373626373 0.0205078125
5 0.011355311355311355 0.00341796875 0.02271062271062271 0.0068359375
5 0.007692307692307693 0.00341796875 0.015384615384615385 0.0068359375
6 0.027106227106227107 0.0224609375 0.054212454212454214 0.0478515625
2 0.07106227106227106 0.03466796875 0.14212454212454212 0.0703125
2 0.05274725274725275 0.02783203125 0.1054945054945055 0.056640625
