0 0.0224609375 0.039194139194139194 0.044921875 0.07472527472527472
2 0.05078125 0.007326007326007326 0.1015625 0.015384615384615385
0 0.05078125 0.003663003663003663 0.1015625 0.009523809523809525
0 0.083984375 0.32893772893772893 0.16796875 0.6593406593406593
6 0.02587890625 0.009523809523809525 0.0517578125 0.01904761904761905
5 0.0283203125 0.002197802197802198 0.056640625 0.004395604395604396
0 0.00732421875 0.023443223443223443 0.0146484375 0.046886446886446886
5 0.0458984375 0.008791208791208791 0.091796875 0.018315018315018316
5 0.10107421875 0.011721611721611722 0.2021484375 0.021245421245421246
5 0.07568359375 0.00989010989010989 0.1513671875 0.01904761904761905
2 0.0751953125 0.028205128205128206 0.150390625 0.05641025641025641
2 0.09326171875 0.02857142857142857 0.1865234375 0.05714285714285714
2 0.06298828125 0.029304029304029304 0.1259765625 0.05860805860805861
4 0.01416015625 0.01098901098901099 0.0283203125 0.018315018315018316
5 0.03515625 0.0018315018315018315 0.0703125 0.005128205128205128
5 0.02099609375 0.0062271062271062275 0.0419921875 0.00805860805860806
0 0.04150390625 0.011721611721611722 0.0830078125 0.02197802197802198
0 0.021484375 0.029304029304029304 0.04296875 0.05860805860805861
0 0.01611328125 0.03772893772893773 0.0322265625 0.08058608058608059
