0 0.04833984375 0.17795979151154132 0.0966796875 0.35815338793745344
2 0.07080078125 0.014147431124348473 0.1416015625 0.026061057334326135
0 0.0068359375 0.0026061057334326137 0.013671875 0.006701414743112435
5 0.00634765625 0.02084884586746091 0.0126953125 0.040208488458674606
6 0.02001953125 0.01712583767684289 0.0400390625 0.029039463886820552
6 0.00244140625 0.005584512285927029 0.0048828125 0.011169024571854059
6 0.01025390625 0.005584512285927029 0.0205078125 0.011169024571854059
5 0.00244140625 0.0033507073715562173 0.0048828125 0.007446016381236039
4 0.005859375 0.004467609828741623 0.01171875 0.00967982129560685
2 0.00390625 0.004839910647803425 0.0078125 0.008190618019359643
6 0.00390625 0.0033507073715562173 0.0078125 0.005956813104988831
