6 0.039926739926739924 0.01708984375 0.07985347985347985 0.0361328125
5 0.023443223443223443 0.0068359375 0.046886446886446886 0.01171875
2 0.02271062271062271 0.00830078125 0.04542124542124542 0.013671875
2 0.02271062271062271 0.00927734375 0.04542124542124542 0.021484375
0 0.43553113553113554 0.12841796875 0.8710622710622711 0.1884765625
5 0.015018315018315019 0.0107421875 0.030036630036630037 0.0205078125
5 0.020879120879120878 0.0087890625 0.041758241758241756 0.017578125
5 0.022344322344322345 0.005859375 0.04468864468864469 0.01171875
5 0.015384615384615385 0.00830078125 0.03076923076923077 0.017578125
6 0.035164835164835165 0.01611328125 0.07032967032967033 0.029296875
2 0.025274725274725275 0.005859375 0.05054945054945055 0.0126953125
2 0.024175824175824177 0.0068359375 0.04835164835164835 0.013671875
2 0.023443223443223443 0.0146484375 0.046886446886446886 0.0263671875
2 0.02271062271062271 0.00830078125 0.04542124542124542 0.0146484375
5 0.023443223443223443 0.0068359375 0.046886446886446886 0.01171875
5 0.022344322344322345 0.005859375 0.04468864468864469 0.0126953125
