5 0.02454212454212454 0.0048828125 0.04908424908424908 0.009765625
5 0.02197802197802198 0.0048828125 0.04395604395604396 0.009765625
5 0.019413919413919414 0.005859375 0.03882783882783883 0.0107421875
5 0.01282051282051282 0.0048828125 0.02564102564102564 0.0087890625
6 0.01282051282051282 0.04345703125 0.02564102564102564 0.0888671875
5 0.008424908424908424 0.00390625 0.01684981684981685 0.005859375
5 0.014652014652014652 0.00390625 0.029304029304029304 0.009765625
6 0.020879120879120878 0.013671875 0.041758241758241756 0.0263671875
6 0.01904761904761905 0.01318359375 0.0380952380952381 0.02734375
6 0.019413919413919414 0.017578125 0.03882783882783883 0.033203125
5 0.009523809523809525 0.00537109375 0.01904761904761905 0.009765625
6 0.0018315018315018315 0.01611328125 0.003663003663003663 0.0302734375
2 0.29816849816849816 0.0693359375 0.5963369963369963 0.1484375
4 0.003663003663003663 0.01025390625 0.007326007326007326 0.0185546875
5 0.00805860805860806 0.009765625 0.01611721611721612 0.01953125
6 0.0029304029304029304 0.00927734375 0.005860805860805861 0.0244140625
2 0.01868131868131868 0.00927734375 0.03736263736263736 0.0185546875
5 0.017216117216117217 0.00830078125 0.034432234432234435 0.013671875
5 0.019413919413919414 0.00537109375 0.03882783882783883 0.01171875
2 0.026373626373626374 0.02001953125 0.05274725274725275 0.037109375
0 0.009523809523809525 0.05126953125 0.01904761904761905 0.1015625
5 0.007326007326007326 0.00732421875 0.014652014652014652 0.0205078125
5 0.005494505494505495 0.01025390625 0.01098901098901099 0.0185546875
2 0.005494505494505495 0.00830078125 0.01098901098901099 0.013671875
5 0.007326007326007326 0.0087890625 0.014652014652014652 0.0126953125
5 0.009157509157509158 0.005859375 0.018315018315018316 0.01171875
5 0.008791208791208791 0.00634765625 0.017582417582417582 0.0107421875
5 0.008424908424908424 0.0087890625 0.01684981684981685 0.0185546875
5 0.008791208791208791 0.00537109375 0.017582417582417582 0.009765625
2 0.009157509157509158 0.01171875 0.018315018315018316 0.0224609375
5 0.007326007326007326 0.01171875 0.014652014652014652 0.0185546875
5 0.010622710622710623 0.0078125 0.021245421245421246 0.0146484375
5 0.015018315018315019 0.015625 0.030036630036630037 0.03125
