0 0.2158203125 0.0336996336996337 0.431640625 0.0695970695970696
2 0.05078125 0.020146520146520148 0.1015625 0.05347985347985348
0 0.01806640625 0.017582417582417582 0.0361328125 0.03882783882783883
5 0.009765625 0.004395604395604396 0.01953125 0.01098901098901099
2 0.01220703125 0.008791208791208791 0.0244140625 0.01904761904761905
4 0.00732421875 0.005860805860805861 0.0146484375 0.011721611721611722
0 0.04052734375 0.005860805860805861 0.0810546875 0.011721611721611722
2 0.07470703125 0.023443223443223443 0.1494140625 0.046153846153846156
6 0.01416015625 0.01684981684981685 0.0283203125 0.0336996336996337
5 0.02197265625 0.005128205128205128 0.0439453125 0.009523809523809525
5 0.09423828125 0.005494505494505495 0.1884765625 0.01098901098901099
6 0.00537109375 0.005128205128205128 0.0107421875 0.011721611721611722
