0 0.02001953125 0.08461538461538462 0.0400390625 0.16483516483516483
0 0.02001953125 0.08424908424908426 0.0400390625 0.1684981684981685
0 0.21533203125 0.03956043956043956 0.4306640625 0.08864468864468865
0 0.0791015625 0.013186813186813187 0.158203125 0.027106227106227107
0 0.07861328125 0.013553113553113554 0.1572265625 0.030036630036630037
0 0.07861328125 0.01391941391941392 0.1572265625 0.027106227106227107
0 0.06787109375 0.10146520146520147 0.1357421875 0.1934065934065934
0 0.0673828125 0.026373626373626374 0.134765625 0.05128205128205128
0 0.01953125 0.08424908424908426 0.0390625 0.16556776556776556
5 0.01171875 0.002564102564102564 0.0234375 0.005128205128205128
