6 0.02001953125 0.008791208791208791 0.0400390625 0.03956043956043956
2 0.06005859375 0.015384615384615385 0.1201171875 0.03223443223443224
0 0.0869140625 0.02893772893772894 0.173828125 0.05860805860805861
0 0.083984375 0.030402930402930402 0.16796875 0.05787545787545788
0 0.0634765625 0.16446886446886447 0.126953125 0.33406593406593404
2 0.0185546875 0.012454212454212455 0.037109375 0.02783882783882784
2 0.0693359375 0.013553113553113554 0.138671875 0.026373626373626374
2 0.0185546875 0.013186813186813187 0.037109375 0.027106227106227107
2 0.02978515625 0.02857142857142857 0.0595703125 0.05201465201465202
2 0.07568359375 0.012454212454212455 0.1513671875 0.0380952380952381
0 0.0791015625 0.16153846153846155 0.158203125 0.35384615384615387
2 0.09912109375 0.015018315018315019 0.1982421875 0.03296703296703297
2 0.01904296875 0.02857142857142857 0.0380859375 0.06886446886446887
2 0.09326171875 0.010256410256410256 0.1865234375 0.026373626373626374
