3 0.11407282176512948 0.014606704059829057 0.22814564353025896 0.03125
5 0.018315018315018316 0.005859375 0.03663003663003663 0.01171875
2 0.046153846153846156 0.09130859375 0.09230769230769231 0.18359375
5 0.02564102564102564 0.0048828125 0.05128205128205128 0.009765625
6 0.008424908424908424 0.017578125 0.01684981684981685 0.037109375
5 0.01868131868131868 0.00537109375 0.03736263736263736 0.0107421875
5 0.029304029304029304 0.00537109375 0.05860805860805861 0.01171875
0 0.01978021978021978 0.015625 0.03956043956043956 0.03125
0 0.014652014652014652 0.005859375 0.029304029304029304 0.01171875
2 0.04358974358974359 0.08447265625 0.08717948717948718 0.1728515625
0 0.11648351648351649 0.041015625 0.23296703296703297 0.083984375
4 0.06593406593406594 0.091796875 0.13186813186813187 0.189453125
