0 0.0884652981427175 0.011585807385952208 0.176930596285435 0.024619840695148443
0 0.036656891495601175 0.013758146270818247 0.07331378299120235 0.026792179580014484
0 0.039589442815249266 0.013396089790007242 0.07917888563049853 0.02896451846488052
4 0.016617790811339198 0.011223750905141203 0.033235581622678395 0.024619840695148443
4 0.016617790811339198 0.011585807385952208 0.033235581622678395 0.023171614771904415
2 0.09579667644183773 0.017016654598117305 0.19159335288367546 0.036205648081100654
2 0.0967741935483871 0.016292541636495295 0.1935483870967742 0.0333091962346126
0 0.045454545454545456 0.04815351194786387 0.09090909090909091 0.09847936278059377
0 0.025904203323558164 0.03367125271542361 0.05180840664711633 0.0666183924692252
0 0.02297165200391007 0.03222302679217958 0.04594330400782014 0.06517016654598118
0 0.0552297165200391 0.017378711078928313 0.1104594330400782 0.0333091962346126
0 0.05571847507331378 0.08110065170166546 0.11143695014662756 0.16220130340333092
4 0.017595307917888565 0.011223750905141203 0.03519061583577713 0.023171614771904415
4 0.01857282502443793 0.012309920347574221 0.03714565004887586 0.02389572773352643
4 0.015640273704789834 0.011947863866763215 0.03128054740957967 0.023171614771904415
0 0.05913978494623656 0.1488052136133237 0.11827956989247312 0.30340333091962346
4 0.01710654936461388 0.013034033309196235 0.03421309872922776 0.02389572773352643
0 0.0884652981427175 0.011585807385952208 0.176930596285435 0.02389572773352643
0 0.056003584229390675 0.014115892555429103 0.11200716845878135 0.02909382435088438
0 0.06331644894694749 0.012342834573102547 0.12663289789389498 0.02427424132710156
