2 0.02685546875 0.01098901098901099 0.0537109375 0.023443223443223443
2 0.02734375 0.03956043956043956 0.0546875 0.0761904761904762
2 0.03271484375 0.012087912087912088 0.0654296875 0.02490842490842491
0 0.01806640625 0.005128205128205128 0.0361328125 0.01098901098901099
0 0.23046875 0.03406593406593406 0.4609375 0.063003663003663
3 0.2637484681372549 0.03208120855179679 0.5274969362745098 0.054945054945054944
3 0.24515867544934639 0.020350020350020346 0.49031735089869277 0.04249084249084249
0 0.212890625 0.06153846153846154 0.42578125 0.12527472527472527
0 0.01220703125 0.01904761904761905 0.0244140625 0.03882783882783883
0 0.01123046875 0.01904761904761905 0.0224609375 0.03736263736263736
0 0.01025390625 0.009157509157509158 0.0205078125 0.01611721611721612
