0 0.014652014652014652 0.00537109375 0.029304029304029304 0.01171875
2 0.16080586080586082 0.03076171875 0.32161172161172163 0.05859375
2 0.05934065934065934 0.02392578125 0.11868131868131868 0.0478515625
5 0.029304029304029304 0.00390625 0.05860805860805861 0.0087890625
5 0.012087912087912088 0.00439453125 0.024175824175824177 0.0078125
0 0.01684981684981685 0.00732421875 0.0336996336996337 0.013671875
0 0.017216117216117217 0.005859375 0.034432234432234435 0.0107421875
5 0.017948717948717947 0.00244140625 0.035897435897435895 0.00390625
2 0.00805860805860806 0.01220703125 0.01611721611721612 0.0244140625
5 0.003663003663003663 0.005859375 0.007326007326007326 0.015625
2 0.01868131868131868 0.0263671875 0.03736263736263736 0.0595703125
2 0.015018315018315019 0.01171875 0.030036630036630037 0.0263671875
5 0.00695970695970696 0.0029296875 0.01391941391941392 0.0048828125
5 0.008791208791208791 0.00341796875 0.017582417582417582 0.005859375
2 0.017582417582417582 0.00732421875 0.035164835164835165 0.0146484375
0 0.021245421245421246 0.01220703125 0.04249084249084249 0.0244140625
5 0.004761904761904762 0.00244140625 0.009523809523809525 0.0029296875
2 0.005860805860805861 0.00244140625 0.011721611721611722 0.0048828125
2 0.005860805860805861 0.00439453125 0.011721611721611722 0.0078125
2 0.005860805860805861 0.00439453125 0.011721611721611722 0.0078125
2 0.005860805860805861 0.00439453125 0.011721611721611722 0.0078125
0 0.12747252747252746 0.03076171875 0.2549450549450549 0.0625
2 0.07912087912087912 0.03955078125 0.15824175824175823 0.0810546875
5 0.01684981684981685 0.0029296875 0.0336996336996337 0.0048828125
4 0.0029304029304029304 0.0087890625 0.005860805860805861 0.0166015625
5 0.00805860805860806 0.001953125 0.01611721611721612 0.00390625
2 0.03406593406593406 0.01953125 0.06813186813186813 0.0380859375
5 0.020146520146520148 0.00244140625 0.040293040293040296 0.00390625
