5 0.02294921875 0.007016248153618907 0.0458984375 0.0103397341211226
5 0.00830078125 0.006277695716395864 0.0166015625 0.013293943870014771
5 0.0263671875 0.007016248153618907 0.052734375 0.012555391432791729
5 0.080078125 0.021048744460856722 0.16015625 0.04062038404726736
5 0.01025390625 0.0022156573116691287 0.0205078125 0.003692762186115214
5 0.0068359375 0.00258493353028065 0.013671875 0.0051698670605613
0 0.029187977742805793 0.009231905465288036 0.058375955485611586 0.019515849654102496
0 0.0625 0.03914327917282127 0.125 0.0827178729689808
5 0.0078125 0.0022156573116691287 0.015625 0.004431314623338257
6 0.02294921875 0.005908419497784343 0.0458984375 0.011816838995568686
0 0.0263671875 0.0982274741506647 0.052734375 0.19423929098966028
0 0.02805685139388492 0.007385524372230428 0.05611370278776984 0.014774199670870295
0 0.03463635341726623 0.00775480059084195 0.06927270683453246 0.014774199670870295
5 0.03076171875 0.005908419497784343 0.0615234375 0.014771048744460856
