2 0.03369140625 0.0074354764009936115 0.0673828125 0.015384615384615385
0 0.1669921875 0.05238095238095238 0.333984375 0.11868131868131868
0 0.01171875 0.02197802197802198 0.0234375 0.04322344322344322
0 0.14599609375 0.01611721611721612 0.2919921875 0.0335649025304198
2 0.04107736170977011 0.007326007326007326 0.08215472341954022 0.013818365542503451
2 0.021484375 0.005860805860805861 0.04296875 0.013186813186813187
3 0.09947843924581007 0.007571571817381829 0.19895687849162014 0.021245421245421246
0 0.0693359375 0.028205128205128206 0.138671875 0.05787545787545788
2 0.044921875 0.007692307692307693 0.08984375 0.015384615384615385
2 0.0712890625 0.01978021978021978 0.142578125 0.03882783882783883
