0 0.3446886446886447 0.0517578125 0.6893772893772894 0.138671875
0 0.050915750915750915 0.03271484375 0.10183150183150183 0.0732421875
0 0.02783882783882784 0.01850328947368418 0.05567765567765568 0.0361328125
0 0.046153846153846156 0.0302734375 0.09230769230769231 0.0625
2 0.04945054945054945 0.01611328125 0.0989010989010989 0.037109375
0 0.02600732600732601 0.01953125 0.05201465201465202 0.037109375
0 0.02454212454212454 0.017578125 0.04908424908424908 0.0361328125
3 0.09868536371603857 0.01513671875 0.19737072743207715 0.03684576303680975
3 0.09745387536798582 0.01708984375 0.19490775073597164 0.039242235429447825
0 0.01344646914267166 0.012979628164557 0.02689293828534332 0.02595925632911389
