0 0.10205078125 0.02600732600732601 0.2041015625 0.046886446886446886
3 0.0087890625 0.00989010989010989 0.017578125 0.018315018315018316
2 0.03564453125 0.009157509157509158 0.0712890625 0.01611721611721612
0 0.04345703125 0.07802197802197802 0.0869140625 0.15384615384615385
0 0.38525390625 0.04139194139194139 0.7705078125 0.11428571428571428
0 0.044921875 0.020146520146520148 0.08984375 0.03882783882783883
0 0.2138671875 0.017948717948717947 0.427734375 0.04908424908424908
6 0.017578125 0.002564102564102564 0.03515625 0.005128205128205128
5 0.00634765625 0.002197802197802198 0.0126953125 0.003663003663003663
6 0.0078125 0.0029304029304029304 0.015625 0.004395604395604396
3 0.1542398494525547 0.010561214940776987 0.3084796989051094 0.035164835164835165
6 0.01318359375 0.00402930402930403 0.0263671875 0.00805860805860806
6 0.03662109375 0.008424908424908424 0.0732421875 0.01904761904761905
6 0.005859375 0.012087912087912088 0.01171875 0.024175824175824177
4 0.041015625 0.019413919413919414 0.08203125 0.041025641025641026
0 0.03466796875 0.136996336996337 0.0693359375 0.2644688644688645
