2 0.04638671875 0.01098901098901099 0.0927734375 0.02271062271062271
0 0.06591796875 0.384981684981685 0.1318359375 0.780952380952381
0 0.00732421875 0.008791208791208791 0.0146484375 0.017582417582417582
0 0.00537109375 0.008424908424908424 0.0107421875 0.017582417582417582
5 0.044921875 0.0062271062271062275 0.08984375 0.013186813186813187
5 0.0302734375 0.007326007326007326 0.060546875 0.014652014652014652
5 0.01806640625 0.004395604395604396 0.0361328125 0.009523809523809525
5 0.01123046875 0.03076923076923077 0.0224609375 0.06373626373626373
5 0.0068359375 0.008424908424908424 0.013671875 0.01611721611721612
0 0.0048828125 0.0380952380952381 0.009765625 0.07545787545787545
0 0.01318359375 0.012087912087912088 0.0263671875 0.02271062271062271
2 0.021484375 0.0326007326007326 0.04296875 0.0652014652014652
0 0.0009765625 0.019413919413919414 0.001953125 0.035897435897435895
6 0.037109375 0.0062271062271062275 0.07421875 0.013186813186813187
6 0.037109375 0.006593406593406593 0.07421875 0.012454212454212455
6 0.03173828125 0.00695970695970696 0.0634765625 0.01391941391941392
2 0.03662109375 0.006593406593406593 0.0732421875 0.011721611721611722
