5 0.01904296875 0.004395604395604396 0.0380859375 0.007326007326007326
6 0.0244140625 0.002197802197802198 0.048828125 0.01098901098901099
5 0.0107421875 0.013553113553113554 0.021484375 0.02564102564102564
5 0.0068359375 0.01098901098901099 0.013671875 0.02197802197802198
0 0.072265625 0.02564102564102564 0.14453125 0.04249084249084249
5 0.005859375 0.011721611721611722 0.01171875 0.024175824175824177
5 0.01416015625 0.0029304029304029304 0.0283203125 0.005860805860805861
5 0.00439453125 0.01684981684981685 0.0087890625 0.0336996336996337
5 0.00439453125 0.002197802197802198 0.0087890625 0.003663003663003663
6 0.0126953125 0.0029304029304029304 0.025390625 0.005128205128205128
5 0.013109864672364635 0.003026413282823558 0.02621972934472927 0.005128205128205128
5 0.01171875 0.005494505494505495 0.0234375 0.012454212454212455
2 0.05859375 0.014652014652014652 0.1171875 0.030036630036630037
6 0.006152343750000011 0.005347985347985315 0.012304687500000022 0.011135531135531168
6 0.0078125 0.005494505494505495 0.015625 0.01098901098901099
5 0.06005859375 0.004395604395604396 0.1201171875 0.009523809523809525
5 0.05078125 0.0062271062271062275 0.1015625 0.018315018315018316
5 0.0478515625 0.009523809523809525 0.095703125 0.023443223443223443
0 0.369140625 0.05384615384615385 0.73828125 0.10402930402930403
5 0.01806640625 0.002564102564102564 0.0361328125 0.005128205128205128
5 0.01123046875 0.003663003663003663 0.0224609375 0.006593406593406593
5 0.0068359375 0.003663003663003663 0.013671875 0.007326007326007326
5 0.0068359375 0.0018315018315018315 0.013671875 0.003663003663003663
5 0.0068359375 0.030036630036630037 0.013671875 0.05860805860805861
5 0.00927734375 0.0018315018315018315 0.0185546875 0.003663003663003663
5 0.009765625 0.0014652014652014652 0.01953125 0.003663003663003663
5 0.01171875 0.0018315018315018315 0.0234375 0.004395604395604396
5 0.01416015625 0.002564102564102564 0.0283203125 0.004395604395604396
6 0.02001953125 0.00402930402930403 0.0400390625 0.01098901098901099
5 0.0078125 0.003663003663003663 0.015625 0.007326007326007326
5 0.015669211884154488 0.0019022256039566594 0.031338423768308976 0.0035118011149969097
5 0.013653670106524629 0.001268150402637773 0.027307340213049258 0.0027314008672198187
6 0.0069754464285714385 0.006225960344834129 0.013950892857142877 0.012604704992609087
