0 0.05794460641399417 0.03759765625 0.11588921282798834 0.080078125
0 0.01239067055393586 0.05322265625 0.02478134110787172 0.1103515625
0 0.01567055393586006 0.07958984375 0.03134110787172012 0.1552734375
2 0.01020408163265306 0.01806640625 0.02040816326530612 0.0322265625
2 0.010568513119533527 0.0205078125 0.021137026239067054 0.03125
2 0.05612244897959184 0.046875 0.11224489795918367 0.08984375
0 0.01749271137026239 0.0556640625 0.03498542274052478 0.107421875
0 0.015306122448979591 0.05810546875 0.030612244897959183 0.1142578125
0 0.021501457725947522 0.0107421875 0.043002915451895045 0.0224609375
2 0.036807580174927114 0.0107421875 0.07361516034985423 0.0185546875
