0 0.21780796243686867 0.04834054834054835 0.43561592487373735 0.10036630036630037
5 0.02197265625 0.039194139194139194 0.0439453125 0.07838827838827839
0 0.09765625 0.17535153019023988 0.1953125 0.3516483516483517
0 0.11417905745967742 0.26677301193430225 0.22835811491935484 0.5293631100082713
6 0.005859375 0.005860805860805861 0.01171875 0.011721611721611722
5 0.00439453125 0.003663003663003663 0.0087890625 0.006593406593406593
6 0.01171875 0.006593406593406593 0.0234375 0.013186813186813187
6 0.0068359375 0.0062271062271062275 0.013671875 0.013186813186813187
6 0.00537109375 0.005494505494505495 0.0107421875 0.011721611721611722
6 0.005859375 0.0062271062271062275 0.01171875 0.011721611721611722
6 0.019568523377862634 0.005172944104241811 0.03913704675572527 0.008947795207337138
