0 0.19921875 0.08534798534798535 0.3984375 0.17216117216117216
0 0.19482421875 0.034432234432234435 0.3896484375 0.07765567765567766
5 0.0146484375 0.008791208791208791 0.029296875 0.015384615384615385
6 0.01806640625 0.00805860805860806 0.0361328125 0.01904761904761905
6 0.01123046875 0.01391941391941392 0.0224609375 0.027106227106227107
5 0.0185546875 0.06446886446886448 0.037109375 0.12673992673992673
6 0.005859375 0.019413919413919414 0.01171875 0.03956043956043956
2 0.07958984375 0.016483516483516484 0.1591796875 0.03736263736263736
2 0.10400390625 0.01978021978021978 0.2080078125 0.04249084249084249
0 0.18994140625 0.07985347985347985 0.3798828125 0.16776556776556775
