2 0.19084249084249083 0.03125 0.38168498168498166 0.0537109375
5 0.005128205128205128 0.0048828125 0.010256410256410256 0.0078125
5 0.007692307692307693 0.00634765625 0.015384615384615385 0.0087890625
5 0.010256410256410256 0.0068359375 0.020512820512820513 0.0078125
5 0.003663003663003663 0.005859375 0.007326007326007326 0.009765625
6 0.03956043956043956 0.03857421875 0.07912087912087912 0.0830078125
6 0.006593406593406593 0.00830078125 0.013186813186813187 0.015625
5 0.04212454212454213 0.00732421875 0.08424908424908426 0.0166015625
5 0.0032967032967032967 0.0166015625 0.006593406593406593 0.0302734375
0 0.19487179487179487 0.0595703125 0.38974358974358975 0.1083984375
0 0.14615384615384616 0.09814453125 0.2923076923076923 0.1767578125
5 0.005494505494505495 0.03564453125 0.01098901098901099 0.0673828125
