2 0.005810546875000003 0.0034432234432233933 0.011621093750000006 0.007252747252747319
0 0.01806640625 0.011355311355311355 0.0361328125 0.023443223443223443
3 0.009047700786817103 0.006719567052108619 0.018095401573634207 0.012181009805712897
0 0.0224609375 0.013186813186813187 0.044921875 0.026373626373626374
5 0.05908203125 0.01684981684981685 0.1181640625 0.03296703296703297
0 0.08576221955128205 0.2991452991452992 0.1715244391025641 0.5654174884944116
5 0.017578125 0.002564102564102564 0.03515625 0.005128205128205128
6 0.00732421875 0.005860805860805861 0.0146484375 0.01098901098901099
5 0.0234375 0.002564102564102564 0.046875 0.005860805860805861
5 0.016583136792452827 0.0025341534775497076 0.033166273584905655 0.0058362322513265084
2 0.0068359375 0.013553113553113554 0.013671875 0.026373626373626374
2 0.0048828125 0.013186813186813187 0.009765625 0.02564102564102564
6 0.0048828125 0.010622710622710623 0.009765625 0.01978021978021978
5 0.00465029761904762 0.02197802197802198 0.00930059523809524 0.042560613989185404
6 0.005859375 0.01098901098901099 0.01171875 0.02197802197802198
5 0.00732421875 0.002564102564102564 0.0146484375 0.005128205128205128
5 0.0048828125 0.023443223443223443 0.009765625 0.046886446886446886
6 0.021484375 0.00989010989010989 0.04296875 0.018315018315018316
6 0.0146484375 0.011355311355311355 0.029296875 0.02490842490842491
6 0.01513671875 0.012087912087912088 0.0302734375 0.010256410256410256
6 0.05908203125 0.00695970695970696 0.1181640625 0.01391941391941392
5 0.09912109375 0.010622710622710623 0.1982421875 0.01978021978021978
0 0.013671875 0.011355311355311355 0.02734375 0.02271062271062271
2 0.00390625 0.005860805860805861 0.0078125 0.01098901098901099
6 0.0038215836549881227 0.01030078393498821 0.007643167309976245 0.01904761904761905
0 0.009278503562945368 0.005481454412570801 0.018557007125890736 0.01078889439934571
