5 0.0029296875 0.005860805860805861 0.005859375 0.011721611721611722
6 0.04638671875 0.008424908424908424 0.0927734375 0.027106227106227107
2 0.0068359375 0.005494505494505495 0.013671875 0.014652014652014652
5 0.01220703125 0.006593406593406593 0.0244140625 0.01391941391941392
5 0.0244140625 0.014285714285714285 0.048828125 0.02857142857142857
0 0.2685546875 0.054212454212454214 0.537109375 0.1347985347985348
0 0.244140625 0.05641025641025641 0.48828125 0.12967032967032968
6 0.00830078125 0.0315018315018315 0.0166015625 0.06813186813186813
6 0.00927734375 0.012454212454212455 0.0185546875 0.02197802197802198
0 0.23779296875 0.20695970695970695 0.4755859375 0.4466254052460949
5 0.00537109375 0.0014652014652014652 0.0107421875 0.0029304029304029304
5 0.00244140625 0.00402930402930403 0.0048828125 0.007326007326007326
5 0.00341796875 0.0032967032967032967 0.0068359375 0.007326007326007326
