5 0.009765625 0.002564102564102564 0.01953125 0.005860805860805861
2 0.00830078125 0.004395604395604396 0.0166015625 0.008791208791208791
0 0.05224609375 0.26996336996336995 0.1044921875 0.5384615384615384
0 0.029296875 0.041025641025641026 0.05859375 0.08131868131868132
0 0.03076171875 0.08241758241758242 0.0615234375 0.16703296703296702
5 0.0263671875 0.009157509157509158 0.052734375 0.015384615384615385
6 0.017578125 0.014285714285714285 0.03515625 0.029304029304029304
5 0.00830078125 0.0032967032967032967 0.0166015625 0.00805860805860806
5 0.01708984375 0.0032967032967032967 0.0341796875 0.005128205128205128
5 0.02490234375 0.002564102564102564 0.0498046875 0.005128205128205128
2 0.02197265625 0.005860805860805861 0.0439453125 0.011721611721611722
0 0.0517578125 0.2695970695970696 0.103515625 0.5362637362637362
