0 0.04833984375 0.008791208791208791 0.0966796875 0.01611721611721612
0 0.0576171875 0.01282051282051282 0.115234375 0.02490842490842491
0 0.0625 0.01282051282051282 0.125 0.02564102564102564
0 0.03173828125 0.01282051282051282 0.0634765625 0.02490842490842491
0 0.03369140625 0.01282051282051282 0.0673828125 0.02564102564102564
0 0.0380859375 0.013553113553113554 0.076171875 0.026373626373626374
0 0.03759765625 0.013553113553113554 0.0751953125 0.026373626373626374
2 0.13860967356687898 0.01391941391941392 0.27721934713375795 0.0219313595109773
0 0.0595703125 0.013186813186813187 0.119140625 0.026373626373626374
0 0.04931640625 0.013553113553113554 0.0986328125 0.021245421245421246
2 0.19427062599522293 0.01868131868131868 0.38854125199044587 0.02986397890856493
0 0.1318359375 0.041025641025641026 0.263671875 0.073992673992674
0 0.31103515625 0.04871794871794872 0.6220703125 0.08131868131868132
0 0.0517578125 0.008424908424908424 0.103515625 0.017582417582417582
0 0.03271484375 0.12380952380952381 0.0654296875 0.23882783882783884
0 0.0322265625 0.00989010989010989 0.064453125 0.01611721611721612
0 0.2255859375 0.03956043956043956 0.451171875 0.07252747252747253
