0 0.0315018315018315 0.0087890625 0.063003663003663 0.01953125
2 0.017582417582417582 0.01611328125 0.035164835164835165 0.03125
0 0.05567765567765568 0.01708984375 0.11135531135531136 0.0380859375
5 0.0029304029304029304 0.00634765625 0.005860805860805861 0.01171875
5 0.0032967032967032967 0.00634765625 0.006593406593406593 0.0107421875
5 0.0018315018315018315 0.0029296875 0.003663003663003663 0.005859375
6 0.0032967032967032967 0.02685546875 0.006593406593406593 0.0546875
5 0.008791208791208791 0.00390625 0.017582417582417582 0.0087890625
5 0.008424908424908424 0.00439453125 0.01684981684981685 0.0087890625
6 0.009157509157509158 0.00537109375 0.018315018315018316 0.0107421875
0 0.21868131868131868 0.05810546875 0.43736263736263736 0.12109375
5 0.00989010989010989 0.005859375 0.01978021978021978 0.0146484375
5 0.0029304029304029304 0.00390625 0.005860805860805861 0.0087890625
5 0.0029304029304029304 0.01708984375 0.005860805860805861 0.0361328125
5 0.0029304029304029304 0.00634765625 0.005860805860805861 0.0107421875
5 0.008791208791208791 0.0029296875 0.017582417582417582 0.0048828125
5 0.008424908424908424 0.00390625 0.01684981684981685 0.005859375
5 0.00805860805860806 0.00439453125 0.01611721611721612 0.009765625
5 0.00805860805860806 0.00634765625 0.01611721611721612 0.01171875
5 0.002564102564102564 0.015625 0.005128205128205128 0.0322265625
5 0.002564102564102564 0.0166015625 0.005128205128205128 0.03125
5 0.0029304029304029304 0.01611328125 0.005860805860805861 0.033203125
5 0.0032967032967032967 0.01611328125 0.006593406593406593 0.0322265625
5 0.0029304029304029304 0.01318359375 0.005860805860805861 0.0322265625
5 0.0032967032967032967 0.0146484375 0.006593406593406593 0.0322265625
5 0.003663003663003663 0.0166015625 0.007326007326007326 0.0341796875
2 0.0032967032967032967 0.01611328125 0.006593406593406593 0.0341796875
5 0.005860805860805861 0.0283203125 0.011721611721611722 0.056640625
2 0.00805860805860806 0.00439453125 0.01611721611721612 0.0078125
0 0.005860805860805861 0.0146484375 0.011721611721611722 0.0302734375
5 0.005860805860805861 0.015625 0.011721611721611722 0.0302734375
6 0.009523809523809525 0.0107421875 0.01904761904761905 0.021484375
5 0.020512820512820513 0.005859375 0.041025641025641026 0.01171875
0 0.01978021978021978 0.00830078125 0.03956043956043956 0.0166015625
5 0.023809523809523808 0.0029296875 0.047619047619047616 0.005859375
