0 0.02294921875 0.06923076923076923 0.0458984375 0.13846153846153847
5 0.01611328125 0.007326007326007326 0.0322265625 0.009523809523809525
2 0.01513671875 0.008424908424908424 0.0302734375 0.01904761904761905
0 0.05859375 0.07179487179487179 0.1171875 0.16117216117216118
6 0.04248046875 0.03736263736263736 0.0849609375 0.073992673992674
5 0.01416015625 0.004761904761904762 0.0283203125 0.007326007326007326
2 0.03662109375 0.00805860805860806 0.0732421875 0.017582417582417582
5 0.0283203125 0.005128205128205128 0.056640625 0.01098901098901099
5 0.03662109375 0.00402930402930403 0.0732421875 0.01098901098901099
5 0.0322265625 0.00402930402930403 0.064453125 0.018315018315018316
5 0.02490234375 0.0 0.0498046875 -0.02197802197802198
6 0.01513671875 0.00989010989010989 0.0302734375 0.01978021978021978
