2 0.02001953125 0.012454212454212455 0.0400390625 0.04395604395604396
2 0.037109375 0.02161172161172161 0.07421875 0.02564102564102564
2 0.0263671875 0.008791208791208791 0.052734375 0.018315018315018316
0 0.0625 0.011355311355311355 0.125 0.021245421245421246
0 0.24755859375 0.038461538461538464 0.4951171875 0.073992673992674
2 0.08154296875 0.00805860805860806 0.1630859375 0.01904761904761905
0 0.35205078125 0.04285714285714286 0.7041015625 0.07912087912087912
2 0.05078125 0.008791208791208791 0.1015625 0.017582417582417582
2 0.01513671875 0.008791208791208791 0.0302734375 0.01904761904761905
2 0.05224609375 0.008791208791208791 0.1044921875 0.01904761904761905
2 0.0244140625 0.00989010989010989 0.048828125 0.015384615384615385
2 0.06689453125 0.009523809523809525 0.1337890625 0.020512820512820513
5 0.11278609154929575 0.011866068204096376 0.2255721830985915 0.024763968425940298
