4 0.025390625 0.01684981684981685 0.05078125 0.03223443223443224
4 0.02294921875 0.01684981684981685 0.0458984375 0.03223443223443224
4 0.02685546875 0.01904761904761905 0.0537109375 0.03882783882783883
4 0.02783203125 0.01904761904761905 0.0556640625 0.03956043956043956
4 0.02685546875 0.01868131868131868 0.0537109375 0.0380952380952381
0 0.0791015625 0.017948717948717947 0.158203125 0.03956043956043956
4 0.02783203125 0.018315018315018316 0.0556640625 0.03736263736263736
4 0.02685546875 0.017948717948717947 0.0537109375 0.03663003663003663
4 0.02294921875 0.017582417582417582 0.0458984375 0.035897435897435895
4 0.02490234375 0.01684981684981685 0.0498046875 0.035897435897435895
0 0.05873033216783219 0.09400343246497092 0.11746066433566438 0.19114731422423728
4 0.025390625 0.017582417582417582 0.05078125 0.035164835164835165
