6 0.005859375 0.01868131868131868 0.01171875 0.03882783882783883
2 0.0537109375 0.014652014652014652 0.107421875 0.030036630036630037
2 0.03173828125 0.007692307692307693 0.0634765625 0.014652014652014652
0 0.0439453125 0.02857142857142857 0.087890625 0.054945054945054944
2 0.07421875 0.025274725274725275 0.1484375 0.05054945054945055
2 0.087890625 0.02893772893772894 0.17578125 0.05787545787545788
5 0.0673828125 0.012087912087912088 0.134765625 0.029304029304029304
5 0.0302734375 0.007692307692307693 0.060546875 0.01684981684981685
0 0.0283203125 0.07802197802197802 0.056640625 0.15457875457875458
0 0.02880859375 0.126007326007326 0.0576171875 0.25054945054945055
5 0.03369140625 0.00805860805860806 0.0673828125 0.01391941391941392
4 0.009765625 0.01391941391941392 0.01953125 0.029304029304029304
5 0.0322265625 0.005860805860805861 0.064453125 0.011721611721611722
5 0.017578125 0.004395604395604396 0.03515625 0.00805860805860806
0 0.03287122140522876 0.020110608345902496 0.06574244281045752 0.03974239268356904
