0 0.09619140625 0.05274725274725275 0.1923828125 0.11428571428571428
0 0.05517578125 0.02490842490842491 0.1103515625 0.07032967032967033
0 0.06103515625 0.01282051282051282 0.1220703125 0.023443223443223443
0 0.0576171875 0.011721611721611722 0.115234375 0.02490842490842491
0 0.12939453125 0.0326007326007326 0.2587890625 0.07545787545787545
0 0.0166015625 0.05714285714285714 0.033203125 0.11794871794871795
0 0.04052734375 0.14285714285714285 0.0810546875 0.28498168498168497
0 0.06201171875 0.02783882783882784 0.1240234375 0.04468864468864469
0 0.0166015625 0.05274725274725275 0.033203125 0.11208791208791209
0 0.07421875 0.011355311355311355 0.1484375 0.021245421245421246
2 0.08154296875 0.010256410256410256 0.1630859375 0.020512820512820513
6 0.011018736172566379 0.018152938506920853 0.022037472345132758 0.03987163279198685
