0 0.05078125 0.01079913606911447 0.1015625 0.023758099352051837
5 0.05029296875 0.003959683225341973 0.1005859375 0.010079193664506839
2 0.0703125 0.01259899208063355 0.140625 0.028077753779697623
2 0.02392578125 0.01511879049676026 0.0478515625 0.032397408207343416
2 0.09130859375 0.016918646508279338 0.1826171875 0.03455723542116631
2 0.01220703125 0.00755939524838013 0.0244140625 0.014398848092152628
2 0.01806640625 0.006839452843772498 0.0361328125 0.01511879049676026
5 0.02734375 0.003959683225341973 0.0546875 0.007919366450683946
5 0.0283203125 0.003959683225341973 0.056640625 0.007919366450683946
3 0.0035852819055944285 0.02378327216340175 0.007170563811188857 0.048024689493372
0 0.00244140625 0.01583873290136789 0.0048828125 0.03167746580273578
5 0.00146484375 0.014758819294456443 0.0029296875 0.03095752339812815
0 0.08984375 0.021958243340532757 0.1796875 0.047516198704103674
0 0.01416015625 0.059755219582433405 0.0283203125 0.1216702663786897
4 0.00390625 0.01259899208063355 0.0078125 0.017278617710583154
2 0.00390625 0.04283657307415407 0.0078125 0.08495320374370051
3 0.00244140625 0.043916486681065514 0.0048828125 0.08567314614830814
0 0.02294921875 0.3599712023038157 0.0458984375 0.720662347012239
2 0.05419921875 0.31605471562275017 0.1083984375 0.6342692584593232
0 0.1513671875 0.01907847372210223 0.302734375 0.03599712023038157
0 0.0966796875 0.01655867530597552 0.193359375 0.033837293016558675
0 0.0419921875 0.007919366450683946 0.083984375 0.01655867530597552
2 0.076171875 0.006119510439164867 0.15234375 0.012958963282937365
0 0.07958984375 0.016198704103671708 0.1591796875 0.03095752339812815
0 0.0546875 0.011879049676025918 0.109375 0.023758099352051837
5 0.0703125 0.047516198704103674 0.140625 0.08783297336213103
3 0.07275390625 0.0064794816414686825 0.1455078125 0.013678905687544997
0 0.14501953125 0.017638588912886968 0.2900390625 0.04175665946724262
2 0.07239641462053573 0.00755939524838013 0.14479282924107145 0.015748740100791938
0 0.08544921875 0.016198704103671708 0.1708984375 0.03311735061195104
0 0.1220703125 0.02339812814974802 0.244140625 0.04679625629949604
3 0.06553902274173029 0.006045317901285434 0.13107804548346058 0.015937656285207078
3 0.05037621262722647 0.011519078473722102 0.10075242525445294 0.01731159217186291
