4 0.06494140625 0.04358974358974359 0.1298828125 0.09010989010989011
4 0.06396484375 0.046153846153846156 0.1279296875 0.09230769230769231
0 0.20068359375 0.0347985347985348 0.4013671875 0.07032967032967033
0 0.1630859375 0.03772893772893773 0.326171875 0.07326007326007326
3 0.3581476984797297 0.035640035640035636 0.7162953969594594 0.08498168498168499
0 0.23193359375 0.029304029304029304 0.4638671875 0.05347985347985348
0 0.2705078125 0.027472527472527472 0.541015625 0.05787545787545788
0 0.2041015625 0.028205128205128206 0.408203125 0.05567765567765568
0 0.08642578125 0.019413919413919414 0.1728515625 0.035164835164835165
4 0.022150213068181768 0.017682317682317757 0.044300426136363535 0.035897435897435895
0 0.04052734375 0.011721611721611722 0.0810546875 0.02271062271062271
0 0.027299360795454586 0.010622710622710623 0.05459872159090917 0.019314019314019406
5 0.01416015625 0.015018315018315019 0.0283203125 0.02857142857142857
5 0.0107421875 0.017216117216117217 0.021484375 0.035164835164835165
5 0.00830078125 0.02271062271062271 0.0166015625 0.04395604395604396
3 0.27251372466216217 0.05692505692505689 0.5450274493243243 0.10989010989010989
4 0.05517578125 0.04358974358974359 0.1103515625 0.09010989010989011
0 0.0267814867424242 0.009823509823509885 0.0535629734848484 0.020024420024420137
2 0.09375 0.05347985347985348 0.1875 0.10629370629370623
