0 0.02392578125 0.0652014652014652 0.0478515625 0.1282051282051282
0 0.06103515625 0.1652014652014652 0.1220703125 0.3333333333333333
2 0.01123046875 0.00805860805860806 0.0224609375 0.014652014652014652
2 0.09033203125 0.019413919413919414 0.1806640625 0.041025641025641026
0 0.03466796875 0.08205128205128205 0.0693359375 0.16483516483516483
0 0.03564453125 0.17472527472527472 0.0712890625 0.34725274725274724
0 0.02587890625 0.06666666666666667 0.0517578125 0.1347985347985348
6 0.0087890625 0.013553113553113554 0.017578125 0.03663003663003663
2 0.017578125 0.005128205128205128 0.03515625 0.01098901098901099
2 0.00927734375 0.017582417582417582 0.0185546875 0.0380952380952381
0 0.0498046875 0.015018315018315019 0.099609375 0.030036630036630037
0 0.0322265625 0.08534798534798535 0.064453125 0.17216117216117216
0 0.018233287183544306 0.03663003663003663 0.03646657436708861 0.0746510873093152
