0 0.05908203125 0.010622710622710623 0.1181640625 0.02197802197802198
0 0.0419921875 0.01868131868131868 0.083984375 0.035897435897435895
0 0.06352854681558939 0.01768826863883899 0.12705709363117879 0.03663003663003663
0 0.04296875 0.017582417582417582 0.0859375 0.03663003663003663
5 0.01318359375 0.06996336996336996 0.0263671875 0.13992673992673993
0 0.0419921875 0.01868131868131868 0.083984375 0.03663003663003663
0 0.06591796875 0.01868131868131868 0.1318359375 0.03736263736263736
0 0.04296875 0.018315018315018316 0.0859375 0.03663003663003663
0 0.060546875 0.01098901098901099 0.12109375 0.02271062271062271
5 0.0244140625 0.005860805860805861 0.048828125 0.011721611721611722
6 0.013671875 0.00402930402930403 0.02734375 0.008791208791208791
0 0.04052734375 0.010336040770823354 0.0810546875 0.01978021978021978
2 0.009765625 0.0062271062271062275 0.01953125 0.011721611721611722
2 0.0771484375 0.00805860805860806 0.154296875 0.01611721611721612
0 0.0321097995923913 0.04180602006688961 0.0642195991847826 0.0728619206880076
