2 0.0185546875 0.005494505494505495 0.037109375 0.010256410256410256
4 0.0048828125 0.00402930402930403 0.009765625 0.00805860805860806
5 0.00537109375 0.004395604395604396 0.0107421875 0.010256410256410256
2 0.01806640625 0.005494505494505495 0.0361328125 0.01098901098901099
2 0.0302734375 0.02673992673992674 0.060546875 0.054945054945054944
0 0.0078125 0.005494505494505495 0.015625 0.01098901098901099
4 0.01123046875 0.009157509157509158 0.0224609375 0.021245421245421246
6 0.00634765625 0.009523809523809525 0.0126953125 0.018315018315018316
0 0.05078125 0.00989010989010989 0.1015625 0.021245421245421246
0 0.02880859375 0.014652014652014652 0.0576171875 0.02857142857142857
0 0.15087890625 0.38864468864468865 0.3017578125 0.684981684981685
5 0.0390625 0.008791208791208791 0.078125 0.012454212454212455
5 0.0634765625 0.005860805860805861 0.126953125 0.01098901098901099
5 0.068359375 0.008791208791208791 0.13671875 0.018315018315018316
6 0.005859375 0.007326007326007326 0.01171875 0.01904761904761905
5 0.013671875 0.003663003663003663 0.02734375 0.006593406593406593
5 0.01220703125 0.0032967032967032967 0.0244140625 0.00805860805860806
5 0.01220703125 0.0029304029304029304 0.0244140625 0.00805860805860806
5 0.017578125 0.004395604395604396 0.03515625 0.01098901098901099
