0 0.06776556776556776 0.0341796875 0.13553113553113552 0.06640625
0 0.17912087912087912 0.068359375 0.35824175824175825 0.1396484375
0 0.06666666666666667 0.0341796875 0.13333333333333333 0.07421875
5 0.005494505494505495 0.03173828125 0.01098901098901099 0.0830078125
2 0.004761904761904762 0.01416015625 0.009523809523809525 0.0341796875
2 0.027472527472527472 0.009765625 0.054945054945054944 0.013671875
2 0.012454212454212455 0.0048828125 0.02490842490842491 0.0107421875
2 0.004761904761904762 0.0107421875 0.009523809523809525 0.015625
3 0.16007326007326006 0.0380859375 0.3201465201465201 0.078125
4 0.006593406593406593 0.0068359375 0.013186813186813187 0.0126953125
4 0.009157509157509158 0.01025390625 0.018315018315018316 0.0146484375
4 0.008791208791208791 0.00830078125 0.017582417582417582 0.0185546875
4 0.007326007326007326 0.00732421875 0.014652014652014652 0.015625
0 0.0663003663003663 0.0341796875 0.1326007326007326 0.068359375
0 0.0684981684981685 0.0361328125 0.136996336996337 0.07421875
