0 0.14652014652014653 0.03564453125 0.29304029304029305 0.0712890625
0 0.05860805860805861 0.03662109375 0.11721611721611722 0.0732421875
2 0.02197802197802198 0.01123046875 0.04395604395604396 0.0224609375
0 0.036996336996337 0.0166015625 0.073992673992674 0.03515625
0 0.0380952380952381 0.01806640625 0.0761904761904762 0.0361328125
0 0.03626373626373627 0.0166015625 0.07252747252747253 0.03125
0 0.03663003663003663 0.01708984375 0.07326007326007326 0.0341796875
0 0.036996336996337 0.0166015625 0.073992673992674 0.033203125
0 0.03736263736263736 0.01806640625 0.07472527472527472 0.0361328125
0 0.03663003663003663 0.01708984375 0.07326007326007326 0.033203125
0 0.03772893772893773 0.0166015625 0.07545787545787545 0.0341796875
0 0.038461538461538464 0.01611328125 0.07692307692307693 0.0341796875
0 0.03956043956043956 0.01708984375 0.07912087912087912 0.037109375
