5 0.0244140625 0.003663003663003663 0.048828125 0.00805860805860806
5 0.05950700516211782 0.005635390250774856 0.11901401032423564 0.009091942266166574
5 0.0087890625 0.0018315018315018315 0.017578125 0.0029304029304029304
5 0.0078125 0.0018315018315018315 0.015625 0.004395604395604396
5 0.0087890625 0.0014652014652014652 0.017578125 0.003663003663003663
5 0.02490234375 0.003663003663003663 0.0498046875 0.005128205128205128
5 0.02001953125 0.002564102564102564 0.0400390625 0.005128205128205128
5 0.0205078125 0.004761904761904762 0.041015625 0.008791208791208791
0 0.4658203125 0.05311355311355311 0.931640625 0.11428571428571428
6 0.0146484375 0.001098901098901099 0.029296875 0.0029304029304029304
5 0.02001953125 0.00216876619315638 0.0400390625 0.003663003663003663
5 0.03369140625 0.002197802197802198 0.0673828125 0.003663003663003663
5 0.0107421875 0.0018315018315018315 0.021484375 0.003663003663003663
5 0.0244140625 0.0018315018315018315 0.048828125 0.003663003663003663
5 0.0341796875 0.0018315018315018315 0.068359375 0.0029304029304029304
5 0.01220703125 0.0014511129895744832 0.0244140625 0.003663003663003663
6 0.0078125 0.006593406593406593 0.015625 0.01391941391941392
6 0.01513671875 0.0062271062271062275 0.0302734375 0.013186813186813187
6 0.032753519492574254 0.0029920574475030557 0.06550703898514851 0.005860805860805861
2 0.013671875 0.009157509157509158 0.02734375 0.018315018315018316
2 0.013671875 0.008424908424908424 0.02734375 0.01684981684981685
5 0.02880859375 0.006593406593406593 0.0576171875 0.011721611721611722
5 0.02490234375 0.0029304029304029304 0.0498046875 0.007326007326007326
5 0.01318359375 0.005860805860805861 0.0263671875 0.011721611721611722
5 0.01953125 0.0032967032967032967 0.0390625 0.005860805860805861
0 0.00927734375 0.01904761904761905 0.0185546875 0.03553113553113553
6 0.046875 0.015018315018315019 0.09375 0.03386331672665716
6 0.01904296875 0.03076923076923077 0.0380859375 0.05787545787545788
5 0.005521797839506182 0.002564102564102564 0.011043595679012363 0.004909846179687406
5 0.01220703125 0.0029304029304029304 0.0244140625 0.006593406593406593
6 0.021484375 0.003321557937798162 0.04296875 0.00827211350014455
5 0.0078125 0.0029304029304029304 0.015625 0.005128205128205128
5 0.01611328125 0.0032967032967032967 0.0322265625 0.006593406593406593
5 0.01513671875 0.004761904761904762 0.0302734375 0.010256410256410256
0 0.0400390625 0.005494505494505495 0.080078125 0.011721611721611722
6 0.02909794560185186 0.002564102564102564 0.05819589120370372 0.004748338081671446
5 0.046875 0.002197802197802198 0.09375 0.003663003663003663
5 0.03564453125 0.0029304029304029304 0.0712890625 0.003663003663003663
6 0.009249874425947158 0.005845666006400742 0.018499748851894315 0.010009125967794066
