5 0.02685546875 0.006593406593406593 0.0537109375 0.011721611721611722
2 0.068359375 0.009157509157509158 0.13671875 0.020512820512820513
2 0.03857421875 0.009157509157509158 0.0771484375 0.01978021978021978
2 0.03759765625 0.009157509157509158 0.0751953125 0.018315018315018316
2 0.0224609375 0.00989010989010989 0.044921875 0.01978021978021978
2 0.06201171875 0.011355311355311355 0.1240234375 0.02271062271062271
0 0.205078125 0.02967032967032967 0.41015625 0.05934065934065934
0 0.0205078125 0.02564102564102564 0.041015625 0.05274725274725275
2 0.03955078125 0.010256410256410256 0.0791015625 0.01904761904761905
2 0.02978515625 0.010256410256410256 0.0595703125 0.021245421245421246
5 0.02783203125 0.006593406593406593 0.0556640625 0.013186813186813187
2 0.03759765625 0.012454212454212455 0.0751953125 0.02490842490842491
2 0.0390625 0.012454212454212455 0.078125 0.02490842490842491
2 0.13769531250000003 0.024175824175824177 0.27539062500000006 0.04835164835164835
2 0.08203125 0.023809523809523808 0.1640625 0.047619047619047616
2 0.01318359375 0.01098901098901099 0.0263671875 0.02197802197802198
