2 0.0380952380952381 0.03076171875 0.0761904761904762 0.0654296875
0 0.12893772893772895 0.05615234375 0.2578754578754579 0.1015625
2 0.02783882783882784 0.02978515625 0.05567765567765568 0.0625
2 0.038461538461538464 0.0322265625 0.07692307692307693 0.064453125
2 0.06117216117216117 0.03515625 0.12234432234432234 0.0654296875
2 0.015384615384615385 0.02783203125 0.03076923076923077 0.0615234375
2 0.02783882783882784 0.03125 0.05567765567765568 0.0703125
2 0.047619047619047616 0.0322265625 0.09523809523809523 0.0615234375
2 0.09157509157509157 0.04345703125 0.18315018315018314 0.08203125
2 0.030402930402930402 0.0322265625 0.060805860805860805 0.0625
2 0.031135531135531136 0.0322265625 0.06227106227106227 0.0615234375
2 0.01868131868131868 0.0322265625 0.03736263736263736 0.0634765625
2 0.029304029304029304 0.03466796875 0.05860805860805861 0.064453125
0 0.1695970695970696 0.05859375 0.3391941391941392 0.1181640625
2 0.029304029304029304 0.03125 0.05860805860805861 0.0625
0 0.12967032967032968 0.05615234375 0.25934065934065936 0.0966796875
