6 0.01171875 0.003663003663003663 0.0234375 0.00805860805860806
0 0.0068359375 0.0029304029304029304 0.013671875 0.005128205128205128
5 0.013671875 0.002197802197802198 0.02734375 0.004395604395604396
5 0.00927734375 0.0018315018315018315 0.0185546875 0.003663003663003663
0 0.13330078125 0.3509157509157509 0.2666015625 0.7912087912087912
6 0.02880859375 0.010622710622710623 0.0576171875 0.00805860805860806
5 0.01220703125 0.002564102564102564 0.0244140625 0.004395604395604396
2 0.01171875 0.003663003663003663 0.0234375 0.007326007326007326
2 0.01025390625 0.003663003663003663 0.0205078125 0.006593406593406593
5 0.01025390625 0.002197802197802198 0.0205078125 0.005128205128205128
0 0.0625 0.02490842490842491 0.125 0.03882783882783883
5 0.01806640625 0.26593406593406593 0.0361328125 0.5164835164835165
6 0.01220703125 0.004395604395604396 0.0244140625 0.010256410256410256
0 0.01025390625 0.0032967032967032967 0.0205078125 0.005860805860805861
2 0.01318359375 0.0029304029304029304 0.0263671875 0.006593406593406593
5 0.01416015625 0.002197802197802198 0.0283203125 0.005860805860805861
