5 0.00927734375 0.004395604395604396 0.0185546875 0.008791208791208791
5 0.02099609375 0.002197802197802198 0.0419921875 0.004395604395604396
0 0.03662109375 0.29743589743589743 0.0732421875 0.6043956043956044
0 0.11083984375 0.05641025641025641 0.2216796875 0.10622710622710622
5 0.00439453125 0.002564102564102564 0.0087890625 0.005128205128205128
5 0.01171875 0.003663003663003663 0.0234375 0.00805860805860806
0 0.10888671875 0.2622710622710623 0.2177734375 0.5604395604395604
5 0.00146484375 0.004395604395604396 0.0029296875 0.008791208791208791
5 0.0166015625 0.004395604395604396 0.033203125 0.007326007326007326
5 0.00732421875 0.002197802197802198 0.0146484375 0.0029304029304029304
0 0.00390625 0.006593406593406593 0.0078125 0.014652014652014652
6 0.0029296875 0.002564102564102564 0.005859375 0.006593406593406593
6 0.02099609375 0.012087912087912088 0.0419921875 0.021245421245421246
6 0.01416015625 0.002564102564102564 0.0283203125 0.010256410256410256
0 0.02490234375 0.005494505494505495 0.0498046875 0.010256410256410256
4 0.10590889084507044 0.0763555693133158 0.21181778169014087 0.17953877108806687
