2 0.01953125 0.017582417582417582 0.0390625 0.03296703296703297
5 0.09423828125 0.01391941391941392 0.1884765625 0.02490842490842491
5 0.05712890625 0.01098901098901099 0.1142578125 0.023443223443223443
4 0.00732421875 0.006593406593406593 0.0146484375 0.013186813186813187
6 0.00390625 0.011355311355311355 0.0078125 0.02271062271062271
6 0.01611328125 0.005128205128205128 0.0322265625 0.010256410256410256
6 0.0068359375 0.011721611721611722 0.013671875 0.02271062271062271
5 0.05322265625 0.014652014652014652 0.1064453125 0.023443223443223443
0 0.02978515625 0.005128205128205128 0.0595703125 0.01098901098901099
5 0.015625 0.005860805860805861 0.03125 0.006593406593406593
6 0.013671875 0.005860805860805861 0.02734375 0.011721611721611722
6 0.0068359375 0.020879120879120878 0.013671875 0.03882783882783883
6 0.01953125 0.013186813186813187 0.0390625 0.027106227106227107
6 0.02490234375 0.004761904761904762 0.0498046875 0.008791208791208791
6 0.025390625 0.009157509157509158 0.05078125 0.015384615384615385
6 0.0361328125 0.02857142857142857 0.072265625 0.054945054945054944
0 0.07080078125 0.2743589743589744 0.1416015625 0.5443223443223443
5 0.00634765625 0.010622710622710623 0.0126953125 0.02271062271062271
6 0.0361328125 0.012454212454212455 0.072265625 0.024175824175824177
5 0.0625 0.007326007326007326 0.125 0.01684981684981685
5 0.00537109375 0.017948717948717947 0.0107421875 0.034432234432234435
5 0.005859375 0.020512820512820513 0.01171875 0.041758241758241756
6 0.0107421875 0.005860805860805861 0.021484375 0.01684981684981685
2 0.00830078125 0.004761904761904762 0.0166015625 0.010256410256410256
2 0.00927734375 0.005128205128205128 0.0185546875 0.011721611721611722
2 0.01171875 0.005128205128205128 0.0234375 0.010256410256410256
