0 0.0166015625 0.11318681318681319 0.033203125 0.210989010989011
0 0.0234375 0.008424908424908424 0.046875 0.017582417582417582
4 0.0380859375 0.04212454212454213 0.076171875 0.06373626373626373
0 0.0302734375 0.04395604395604396 0.060546875 0.08278388278388278
4 0.01123046875 0.0326007326007326 0.0224609375 0.046153846153846156
0 0.00830078125 0.03553113553113553 0.0166015625 0.06446886446886448
2 0.0078125 0.017948717948717947 0.015625 0.040293040293040296
5 0.00830078125 0.00402930402930403 0.0166015625 0.008791208791208791
0 0.03857421875 0.005494505494505495 0.0771484375 0.011721611721611722
2 0.059497974537037035 0.004761904761904762 0.11899594907407407 0.010514177180843928
5 0.013671875 0.00402930402930403 0.02734375 0.009523809523809525
5 0.00390625 0.09413919413919414 0.0078125 0.18534798534798536
5 0.10302734375 0.00695970695970696 0.2060546875 0.014652014652014652
6 0.01220703125 0.002564102564102564 0.0244140625 0.004395604395604396
5 0.01416015625 0.0336996336996337 0.0283203125 0.06593406593406594
5 0.024898022676991163 0.004395604395604396 0.04979604535398233 0.012966384647800528
