2 0.033203125 0.004395604395604396 0.06640625 0.009523809523809525
2 0.01904296875 0.005128205128205128 0.0380859375 0.010256410256410256
2 0.041015625 0.00695970695970696 0.08203125 0.012454212454212455
2 0.02099609375 0.005494505494505495 0.0419921875 0.011721611721611722
0 0.0302734375 0.014652014652014652 0.060546875 0.02857142857142857
0 0.0986328125 0.01391941391941392 0.197265625 0.030036630036630037
0 0.029296875 0.013553113553113554 0.05859375 0.027106227106227107
0 0.02978515625 0.01391941391941392 0.0595703125 0.02857142857142857
0 0.02880859375 0.01391941391941392 0.0576171875 0.026373626373626374
5 0.00634765625 0.0014652014652014652 0.0126953125 0.003663003663003663
0 0.0595703125 0.013553113553113554 0.119140625 0.02783882783882784
0 0.029296875 0.014652014652014652 0.05859375 0.029304029304029304
0 0.02978515625 0.014652014652014652 0.0595703125 0.02857142857142857
5 0.00146484375 0.007692307692307693 0.0029296875 0.015384615384615385
5 0.0126953125 0.0018315018315018315 0.025390625 0.004395604395604396
2 0.01025390625 0.005128205128205128 0.0205078125 0.008791208791208791
0 0.08310482201986755 0.04317977827911601 0.1662096440397351 0.09751837566407101
