5 0.005859375 0.017948717948717947 0.01171875 0.0380952380952381
2 0.01904296875 0.013553113553113554 0.0380859375 0.02197802197802198
0 0.14892578125 0.03956043956043956 0.2978515625 0.07545787545787545
0 0.17724609375 0.05714285714285714 0.3544921875 0.10989010989010989
0 0.0283203125 0.15531135531135531 0.056640625 0.3128205128205128
2 0.009765625 0.00805860805860806 0.01953125 0.01611721611721612
0 0.0400390625 0.029304029304029304 0.080078125 0.041025641025641026
5 0.060546875 0.005494505494505495 0.12109375 0.011721611721611722
5 0.01416015625 0.005494505494505495 0.0283203125 0.009523809523809525
6 0.0390625 0.007326007326007326 0.078125 0.004395604395604396
5 0.005859375 0.01575091575091575 0.01171875 0.03296703296703297
6 0.0205078125 0.02600732600732601 0.041015625 0.05201465201465202
6 0.02001953125 0.027106227106227107 0.0400390625 0.05347985347985348
5 0.013671875 0.004395604395604396 0.02734375 0.008791208791208791
