5 0.021484375 0.003663003663003663 0.04296875 0.010256410256410256
2 0.02294921875 0.00402930402930403 0.0458984375 0.00805860805860806
2 0.0244140625 0.003663003663003663 0.048828125 0.007326007326007326
5 0.02197265625 0.002197802197802198 0.0439453125 0.005128205128205128
5 0.01806640625 0.0029304029304029304 0.0361328125 0.006593406593406593
2 0.029296875 0.005128205128205128 0.05859375 0.010256410256410256
5 0.00390625 0.009157509157509158 0.0078125 0.017582417582417582
5 0.00341796875 0.004761904761904762 0.0068359375 0.00805860805860806
5 0.01806640625 0.0029304029304029304 0.0361328125 0.005860805860805861
0 0.037109375 0.01282051282051282 0.07421875 0.02490842490842491
5 0.013671875 0.002564102564102564 0.02734375 0.004395604395604396
5 0.01416015625 0.002197802197802198 0.0283203125 0.004395604395604396
5 0.00341796875 0.01868131868131868 0.0068359375 0.03736263736263736
6 0.0048828125 0.017216117216117217 0.009765625 0.035164835164835165
0 0.09033203125 0.0336996336996337 0.1806640625 0.0673992673992674
0 0.13916015625 0.07728937728937729 0.2783203125 0.15384615384615385
0 0.12646484375 0.11062271062271062 0.2529296875 0.2205128205128205
2 0.0107421875 0.007692307692307693 0.021484375 0.01684981684981685
0 0.126953125 0.11794871794871795 0.25390625 0.2336996336996337
6 0.01806640625 0.003663003663003663 0.0361328125 0.007326007326007326
