3 0.03125 0.011155378486055778 0.0625 0.02151394422310757
6 0.00496897977941177 0.03665078249095124 0.00993795955882354 0.07171314741035857
5 0.00146484375 0.02749003984063745 0.0029296875 0.046215139442231074
0 0.0205078125 0.009163346613545816 0.041015625 0.01752988047808765
0 0.083984375 0.009163346613545816 0.16796875 0.0199203187250996
0 0.2041015625 0.05657370517928287 0.408203125 0.1306772908366534
0 0.14501953125 0.022310756972111555 0.2900390625 0.04940239043824701
0 0.02001953125 0.008764940239043825 0.0400390625 0.01752988047808765
0 0.02099609375 0.008764940239043825 0.0419921875 0.01752988047808765
6 0.007659313725490197 0.011717834544176246 0.015318627450980393 0.025581334791552744
