5 0.006603081438004402 0.0087890625 0.013206162876008804 0.0166015625
0 0.13316214233308876 0.04638671875 0.2663242846661775 0.0732421875
5 0.005135730007336757 0.009765625 0.010271460014673514 0.01953125
0 0.043286867204695524 0.01318359375 0.08657373440939105 0.02734375
0 0.031914893617021274 0.02880859375 0.06382978723404255 0.0556640625
0 0.031914893617021274 0.02880859375 0.06382978723404255 0.0546875
0 0.03338224504768892 0.01416015625 0.06676449009537784 0.02734375
0 0.17865003668378576 0.05712890625 0.3573000733675715 0.0966796875
0 0.03154805575935436 0.015625 0.06309611151870873 0.0302734375
2 0.05392516507703595 0.01708984375 0.1078503301540719 0.0322265625
2 0.08400586940572267 0.02001953125 0.16801173881144535 0.033203125
0 0.059060895084372705 0.03955078125 0.11812179016874541 0.0732421875
0 0.058694057226705794 0.04248046875 0.11738811445341159 0.08203125
3 0.06346294937637564 0.03125 0.1269258987527513 0.05859375
0 0.014673514306676448 0.0126953125 0.029347028613352897 0.025390625
0 0.052090975788701394 0.01171875 0.10418195157740279 0.0224609375
0 0.008070432868672046 0.01123046875 0.016140865737344093 0.021484375
0 0.0062362435803374906 0.01953125 0.012472487160674981 0.037109375
0 0.10271460014673514 0.025390625 0.20542920029347028 0.04296875
0 0.06456346294937637 0.03076171875 0.12912692589875274 0.05859375
