2 0.00830078125 0.004395604395604396 0.0166015625 0.009523809523809525
5 0.0087890625 0.0018315018315018315 0.017578125 0.0029304029304029304
5 0.0078125 0.0018315018315018315 0.015625 0.003663003663003663
6 0.009765625 0.003663003663003663 0.01953125 0.007326007326007326
5 0.0126953125 0.002197802197802198 0.025390625 0.005128205128205128
5 0.00439453125 0.019413919413919414 0.0087890625 0.040293040293040296
5 0.00341796875 0.01978021978021978 0.0068359375 0.03956043956043956
5 0.015625 0.003663003663003663 0.03125 0.007326007326007326
5 0.0107421875 0.002564102564102564 0.021484375 0.005128205128205128
5 0.017578125 0.0032967032967032967 0.03515625 0.005128205128205128
5 0.00341796875 0.019413919413919414 0.0068359375 0.0380952380952381
5 0.0107421875 0.002197802197802198 0.021484375 0.005128205128205128
5 0.01025390625 0.0018315018315018315 0.0205078125 0.003663003663003663
2 0.0078125 0.01098901098901099 0.015625 0.02197802197802198
5 0.00732421875 0.0029304029304029304 0.0146484375 0.006593406593406593
4 0.0537109375 0.045787545787545784 0.107421875 0.08058608058608059
5 0.01171875 0.002564102564102564 0.0234375 0.005860805860805861
0 0.0380859375 0.01611721611721612 0.076171875 0.0315018315018315
6 0.0078125 0.00402930402930403 0.015625 0.009523809523809525
6 0.00537109375 0.008424908424908424 0.0107421875 0.014652014652014652
5 0.0166015625 0.003663003663003663 0.033203125 0.007326007326007326
0 0.03857421875 0.01684981684981685 0.0771484375 0.0336996336996337
3 0.25284090909090906 0.013320013320013323 0.5056818181818181 0.041758241758241756
0 0.07421875 0.008791208791208791 0.1484375 0.01904761904761905
0 0.0580357142857143 0.0301412872841444 0.1160714285714286 0.05777080062794351
