0 0.27270029673590507 0.07177734375 0.5454005934718101 0.14453125
0 0.07210682492581602 0.0263671875 0.14421364985163204 0.0615234375
2 0.025519287833827894 0.0126953125 0.05103857566765579 0.029296875
6 0.004154302670623145 0.005859375 0.00830860534124629 0.0087890625
6 0.003857566765578635 0.00634765625 0.00771513353115727 0.01171875
2 0.027299703264094956 0.0126953125 0.05459940652818991 0.02734375
2 0.014243323442136498 0.0126953125 0.028486646884272996 0.0244140625
2 0.009198813056379823 0.01171875 0.018397626112759646 0.0224609375
2 0.06439169139465875 0.0244140625 0.1287833827893175 0.052734375
2 0.06112759643916914 0.0244140625 0.12225519287833828 0.05078125
2 0.03946587537091988 0.02685546875 0.07893175074183977 0.0537109375
2 0.02433234421364985 0.02880859375 0.0486646884272997 0.0595703125
