4 0.009765625 0.015556768558951965 0.01953125 0.03766375545851528
2 0.0185546875 0.007914847161572052 0.037109375 0.015283842794759825
0 0.130859375 0.01883187772925764 0.26171875 0.03820960698689956
4 0.0380859375 0.02046943231441048 0.076171875 0.048580786026200876
2 0.01123046875 0.003002183406113537 0.0224609375 0.007641921397379912
2 0.0107421875 0.0035480349344978166 0.021484375 0.007096069868995633
0 0.0107421875 0.015556768558951965 0.021484375 0.026200873362445413
3 0.01904296875 0.006550218340611353 0.0380859375 0.012008733624454149
2 0.02294921875 0.007096069868995633 0.0458984375 0.014192139737991267
5 0.02099609375 0.0032751091703056767 0.0419921875 0.0054585152838427945
2 0.0126953125 0.0032751091703056767 0.025390625 0.007096069868995633
4 0.04248046875 0.02046943231441048 0.0849609375 0.0425764192139738
0 0.0390625 0.01037117903930131 0.078125 0.025655021834061136
0 0.05908203125 0.012281659388646287 0.1181640625 0.02074235807860262
2 0.0380859375 0.007914847161572052 0.076171875 0.014192139737991267
2 0.021484375 0.008187772925764192 0.04296875 0.017467248908296942
0 0.02001953125 0.006004366812227074 0.0400390625 0.01146288209606987
