0 0.03541758362676056 0.08249496981891348 0.07083516725352113 0.1657225403704277
2 0.15966796875 0.014285714285714285 0.3193359375 0.02783882783882784
4 0.06298828125 0.04908424908424908 0.1259765625 0.0967032967032967
4 0.05712890625 0.046886446886446886 0.1142578125 0.09377289377289377
0 0.02685546875 0.05970695970695971 0.0537109375 0.11721611721611722
0 0.027343749999999944 0.05941391941391941 0.05468749999999989 0.11926739926739928
0 0.02460937499999999 0.05912087912087912 0.04921874999999998 0.11545787545787545
0 0.028906249999999967 0.05780219780219781 0.05781249999999993 0.11619047619047619
5 0.01904296875 0.0062271062271062275 0.0380859375 0.01098901098901099
5 0.01416015625 0.005494505494505495 0.0283203125 0.012454212454212455
0 0.03751666172985785 0.11010016839400724 0.0750333234597157 0.21978021978021978
0 0.04080930897887325 0.10833720270339987 0.0816186179577465 0.2175824175824176
0 0.0340421434859155 0.08048289738430583 0.068084286971831 0.16034669555796316
