0 0.009765625 0.015384615384615385 0.01953125 0.04249084249084249
0 0.02587890625 0.011355311355311355 0.0517578125 0.02197802197802198
0 0.02734375 0.011355311355311355 0.0546875 0.01904761904761905
0 0.275390625 0.06117216117216117 0.55078125 0.12747252747252746
0 0.07568359375 0.01868131868131868 0.1513671875 0.03736263736263736
5 0.01806640625 0.00695970695970696 0.0361328125 0.012454212454212455
5 0.01318359375 0.0062271062271062275 0.0263671875 0.012454212454212455
5 0.0126953125 0.002564102564102564 0.025390625 0.005128205128205128
0 0.01708984375 0.08571428571428572 0.0341796875 0.1663003663003663
5 0.013671875 0.00402930402930403 0.02734375 0.008791208791208791
5 0.02001953125 0.003663003663003663 0.0400390625 0.006593406593406593
5 0.015624999999999986 0.004395604395604396 0.031249999999999972 0.00805860805860806
5 0.01318359375 0.005128205128205128 0.0263671875 0.01098901098901099
5 0.01416015625 0.003663003663003663 0.0283203125 0.005860805860805861
5 0.01611328125 0.004761904761904762 0.0322265625 0.008791208791208791
5 0.01318359375 0.005128205128205128 0.0263671875 0.01098901098901099
5 0.01513671875 0.003663003663003663 0.0302734375 0.006593406593406593
5 0.01220703125 0.005494505494505495 0.0244140625 0.01098901098901099
5 0.01318359375 0.0029304029304029304 0.0263671875 0.005128205128205128
5 0.01416015625 0.004395604395604396 0.0283203125 0.00805860805860806
5 0.0126953125 0.004395604395604396 0.025390625 0.009523809523809525
5 0.013671875 0.002564102564102564 0.02734375 0.006593406593406593
5 0.01611328125 0.004761904761904762 0.0322265625 0.008791208791208791
