0 0.02857142857142857 0.01025390625 0.05714285714285714 0.017578125
5 0.011355311355311355 0.00390625 0.02271062271062271 0.0107421875
5 0.012087912087912088 0.00634765625 0.024175824175824177 0.0146484375
5 0.010622710622710623 0.00439453125 0.021245421245421246 0.009765625
5 0.012454212454212455 0.005859375 0.02490842490842491 0.01171875
5 0.007692307692307693 0.00439453125 0.015384615384615385 0.009765625
5 0.00695970695970696 0.005859375 0.01391941391941392 0.0126953125
5 0.005128205128205128 0.00341796875 0.010256410256410256 0.0078125
5 0.005860805860805861 0.00634765625 0.011721611721611722 0.0068359375
5 0.00402930402930403 0.00341796875 0.00805860805860806 0.005859375
5 0.004761904761904762 0.005859375 0.009523809523809525 0.0068359375
5 0.018315018315018316 0.00244140625 0.03663003663003663 0.0078125
5 0.02197802197802198 0.0048828125 0.04395604395604396 0.0087890625
5 0.017582417582417582 0.00244140625 0.035164835164835165 0.0078125
5 0.02454212454212454 0.00439453125 0.04908424908424908 0.0107421875
5 0.01868131868131868 0.00341796875 0.03736263736263736 0.0087890625
5 0.02673992673992674 0.005859375 0.05347985347985348 0.009765625
5 0.005860805860805861 0.00341796875 0.011721611721611722 0.0068359375
6 0.014652014652014652 0.00927734375 0.029304029304029304 0.017578125
5 0.006593406593406593 0.00341796875 0.013186813186813187 0.0078125
6 0.0062271062271062275 0.00830078125 0.012454212454212455 0.0166015625
0 0.01575091575091575 0.0087890625 0.0315018315018315 0.015625
5 0.008424908424908424 0.0048828125 0.01684981684981685 0.0126953125
0 0.02967032967032967 0.005859375 0.05934065934065934 0.0146484375
0 0.02893772893772894 0.005859375 0.05787545787545788 0.0126953125
0 0.011355311355311355 0.0078125 0.02271062271062271 0.017578125
0 0.019413919413919414 0.0078125 0.03882783882783883 0.01953125
5 0.012087912087912088 0.0068359375 0.024175824175824177 0.0146484375
5 0.0336996336996337 0.01171875 0.0673992673992674 0.021484375
0 0.0673992673992674 0.015625 0.1347985347985348 0.0390625
2 0.02857142857142857 0.01123046875 0.05714285714285714 0.025390625
0 0.02490842490842491 0.01025390625 0.04981684981684982 0.0224609375
2 0.027472527472527472 0.01171875 0.054945054945054944 0.02734375
0 0.3652014652014652 0.05322265625 0.7304029304029304 0.169921875
5 0.009523809523809525 0.00390625 0.01904761904761905 0.0087890625
5 0.02271062271062271 0.0048828125 0.04542124542124542 0.01171875
5 0.015018315018315019 0.00390625 0.030036630036630037 0.0087890625
5 0.01611721611721612 0.00439453125 0.03223443223443224 0.0107421875
2 0.02197802197802198 0.0048828125 0.04395604395604396 0.01171875
5 0.01391941391941392 0.00341796875 0.02783882783882784 0.0087890625
5 0.028205128205128206 0.0126953125 0.05641025641025641 0.0205078125
2 0.02197802197802198 0.00537109375 0.04395604395604396 0.0126953125
5 0.014285714285714285 0.00390625 0.02857142857142857 0.0087890625
5 0.00805860805860806 0.00634765625 0.01611721611721612 0.0107421875
5 0.011721611721611722 0.0068359375 0.023443223443223443 0.0126953125
5 0.012454212454212455 0.0068359375 0.02490842490842491 0.013671875
2 0.013553113553113554 0.00537109375 0.027106227106227107 0.0087890625
5 0.02271062271062271 0.00634765625 0.04542124542124542 0.0146484375
2 0.012454212454212455 0.00390625 0.02490842490842491 0.0107421875
5 0.004395604395604396 0.001953125 0.008791208791208791 0.005859375
0 0.015384615384615385 0.005859375 0.03076923076923077 0.0146484375
5 0.00989010989010989 0.00439453125 0.01978021978021978 0.013671875
5 0.01098901098901099 0.0078125 0.02197802197802198 0.015625
2 0.01391941391941392 0.00439453125 0.02783882783882784 0.0126953125
5 0.003663003663003663 0.00244140625 0.007326007326007326 0.005859375
5 0.01575091575091575 0.0078125 0.0315018315018315 0.0185546875
5 0.007692307692307693 0.0048828125 0.015384615384615385 0.01171875
5 0.007326007326007326 0.00732421875 0.014652014652014652 0.0146484375
5 0.0062271062271062275 0.005859375 0.012454212454212455 0.0107421875
5 0.0062271062271062275 0.0068359375 0.012454212454212455 0.0126953125
5 0.011355311355311355 0.00439453125 0.02271062271062271 0.0126953125
