5 0.00660180681028492 0.00537109375 0.01320361362056984 0.01171875
5 0.00660180681028492 0.00537109375 0.01320361362056984 0.0107421875
2 0.005211952744961779 0.005859375 0.010423905489923557 0.009765625
0 0.05281445448227936 0.046875 0.10562890896455872 0.0888671875
4 0.02571230020847811 0.044921875 0.05142460041695622 0.0888671875
0 0.2946490618485059 0.0751953125 0.5892981236970118 0.1474609375
0 0.018763029881862403 0.01611328125 0.037526059763724806 0.0322265625
4 0.010771369006254344 0.03759765625 0.021542738012508687 0.076171875
0 0.20396108408617095 0.04736328125 0.4079221681723419 0.0947265625
0 0.1789437109103544 0.05078125 0.3578874218207088 0.0966796875
2 0.07022420540580084 0.01708984374999989 0.14044841081160167 0.03782894736842102
3 0.18019161058849834 0.03683907645089285 0.36038322117699667 0.07210134345794394
2 0.09937456567060458 0.01904296875 0.19874913134120917 0.0361328125
0 0.18241834607366225 0.048828125 0.3648366921473245 0.103515625
2 0.08547602501737317 0.01904296875 0.17095205003474634 0.0361328125
2 0.07991660875608061 0.017578125 0.15983321751216123 0.03125
6 0.010771369006254344 0.03759765625 0.021542738012508687 0.076171875
