4 0.0380859375 0.02857142857142857 0.076171875 0.054212454212454214
4 0.0380859375 0.02857142857142857 0.076171875 0.054945054945054944
4 0.0380859375 0.02893772893772894 0.076171875 0.054945054945054944
2 0.04150390625 0.0315018315018315 0.0830078125 0.060805860805860805
3 0.2802596830985915 0.020146520146520148 0.560519366197183 0.04436877676314294
5 0.0087890625 0.01282051282051282 0.017578125 0.026373626373626374
6 0.052734375 0.031135531135531136 0.10546875 0.054212454212454214
6 0.052734375 0.0 0.10546875 0.02783882783882784
5 0.01171875 0.036996336996337 0.0234375 0.08351648351648351
0 0.044014084507042306 0.09131713357065471 0.08802816901408461 0.15890213073311668
