5 0.005767844268204758 0.0146484375 0.011535688536409516 0.029296875
5 0.005407354001441961 0.0146484375 0.010814708002883922 0.029296875
0 0.05948089401586157 0.0283203125 0.11896178803172314 0.056640625
6 0.007930785868781542 0.00537109375 0.015861571737563085 0.009765625
6 0.034967555875991346 0.0087890625 0.06993511175198269 0.015625
3 0.13349523773384436 0.0205078125 0.2669904754676887 0.05345394736842102
0 0.03821196827685652 0.02685546875 0.07642393655371305 0.0537109375
0 0.07714491708723864 0.029296875 0.15428983417447728 0.0576171875
0 0.043258832011535686 0.0283203125 0.08651766402307137 0.0576171875
0 0.2638788752703677 0.08056640625 0.5277577505407354 0.1748046875
