6 -0.00048828125 0.023076923076923078 -0.0009765625 0.041758241758241756
6 0.06298828125 0.06776556776556776 0.1259765625 0.11648351648351649
4 0.01806640625 0.026373626373626374 0.0361328125 0.073992673992674
0 0.10107421875 0.3860805860805861 0.2021484375 0.8073260073260073
6 0.05029296875 0.18827838827838828 0.1005859375 0.38461538461538464
0 0.0029296875 0.07216117216117215 0.005859375 0.14652014652014653
6 0.01171875 0.028205128205128206 0.0234375 0.060805860805860805
6 0.0166015625 0.020512820512820513 0.033203125 0.041758241758241756
6 0.01171875 0.01978021978021978 0.0234375 0.03663003663003663
6 0.03524896162974683 0.0412667501275096 0.07049792325949367 0.02783882783882784
0 0.044544956140350866 0.03309555941134887 0.08908991228070173 0.06297795771479982
