3 0.13178399268617022 0.015365703749231715 0.26356798537234044 0.022518929239299598
0 0.0244140625 0.004917025199754148 0.048828125 0.008604794099569761
2 0.07958984375 0.007682851874615857 0.1591796875 0.016594960049170254
2 0.052734375 0.014136447449293177 0.10546875 0.016594960049170254
2 0.0078125 0.02519975414874001 0.015625 0.054087277197295634
2 0.01416015625 0.015365703749231715 0.0283203125 0.032575291948371235
2 0.0146484375 0.003073140749846343 0.029296875 0.008604794099569761
5 0.0224609375 0.0036877688998156115 0.044921875 0.007375537799631223
0 0.02880859375 0.005838967424708051 0.0576171875 0.011677934849416103
2 0.017578125 0.028272894898586354 0.03515625 0.054701905347264906
2 0.015625 0.04025814382298709 0.03125 0.07867240319606637
2 0.01513671875 0.02366318377381684 0.0302734375 0.04855562384757222
2 0.01416015625 0.005531653349723417 0.0283203125 0.011677934849416103
2 0.0224609375 0.006146281499692686 0.044921875 0.012292562999385371
2 0.04052734375 0.006760909649661954 0.0810546875 0.01290719114935464
2 0.03076171875 0.00921942224953903 0.0615234375 0.01290719114935464
2 0.03125 0.005838967424708051 0.0625 0.012292562999385371
5 0.01123046875 0.003380454824830977 0.0224609375 0.007375537799631223
0 0.03759765625 0.004917025199754148 0.0751953125 0.011063306699446834
5 0.02392578125 0.009526736324523662 0.0478515625 0.016594960049170254
0 0.03466796875 0.1164720344191764 0.0693359375 0.23171481253841425
5 0.0107421875 0.0036877688998156115 0.021484375 0.007375537799631223
0 0.13330078125 0.018131530424093423 0.2666015625 0.032575291948371235
0 0.0439453125 0.007682851874615857 0.087890625 0.014751075599262446
0 0.1640625 0.04486785494775661 0.328125 0.08727719729563614
6 0.05972204930278885 0.028894869201742505 0.1194440986055777 0.07248204477725238
6 0.034945618872549045 0.028019812719187267 0.06989123774509809 0.04715162032852479
