0 0.08935546875 0.020146520146520148 0.1787109375 0.040293040293040296
3 0.21272786458333331 0.01929181929181932 0.42545572916666663 0.041758241758241756
0 0.0224609375 0.01978021978021978 0.044921875 0.03956043956043956
3 0.046875 0.020146520146520148 0.09375 0.03956043956043956
0 0.044921875 0.01978021978021978 0.08984375 0.041025641025641026
0 0.02197265625 0.020512820512820513 0.0439453125 0.041758241758241756
0 0.02392578125 0.020146520146520148 0.0478515625 0.041025641025641026
0 0.046875 0.021245421245421246 0.09375 0.041758241758241756
2 0.013834635416666685 0.01172161172161168 0.02766927083333337 0.03223443223443224
2 0.0302734375 0.014285714285714244 0.060546875 0.03150183150183142
2 0.029296875 0.017582417582417582 0.05859375 0.03296703296703297
2 0.020833333333333426 0.013431013431013418 0.04166666666666685 0.028815628815628762
2 0.025390625 0.014652014652014652 0.05078125 0.029304029304029304
2 0.02294921875 0.012454212454212455 0.0458984375 0.029304029304029304
2 0.02197265625 0.013308913308913322 0.0439453125 0.03028083028083031
2 0.0244140625 0.013553113553113554 0.048828125 0.02857142857142857
2 0.02197265625 0.013308913308913239 0.0439453125 0.02735042735042721
2 0.024088541666666685 0.013553113553113554 0.04817708333333337 0.024420024420024448
2 0.0234375 0.010378510378510392 0.046875 0.023931623931623906
2 0.025553385416666657 0.01416361416361415 0.051106770833333315 0.02857142857142857
2 0.022298177083333343 0.01257631257631259 0.044596354166666685 0.02197802197802198
0 0.05029296875 0.021245421245421246 0.1005859375 0.04249084249084249
0 0.048828125 0.021245421245421246 0.09765625 0.04322344322344322
0 0.03662109375 0.020512820512820513 0.0732421875 0.03956043956043956
