0 0.0673828125 0.005494505494505495 0.134765625 0.011721611721611722
0 0.021484375 0.11245421245421246 0.04296875 0.22417582417582418
0 0.0966796875 0.00989010989010989 0.193359375 0.01904761904761905
4 0.0087890625 0.007692307692307693 0.017578125 0.014652014652014652
0 0.0419921875 0.017948717948717947 0.083984375 0.034432234432234435
3 0.07763671875 0.005494505494505495 0.1552734375 0.011721611721611722
0 0.08935546875 0.01098901098901099 0.1787109375 0.023443223443223443
0 0.2221891983695652 0.04956203217072784 0.4443783967391304 0.10036630036630037
3 0.07452851982526881 0.005494505494505495 0.14905703965053763 0.013391626294852082
2 0.025390625 0.004761904761904762 0.05078125 0.009523809523809525
2 0.0263671875 0.0062271062271062275 0.052734375 0.011721611721611722
2 0.0029296875 0.004761904761904762 0.005859375 0.008791208791208791
3 0.06244574652777777 0.005494505494505495 0.12489149305555554 0.012866464479367718
0 0.05029296875 0.023809523809523808 0.1005859375 0.041025641025641026
5 0.02385919744318188 0.021228771228771245 0.04771839488636376 0.04162504162504158
