6 0.02294921875 0.016483516483516484 0.0458984375 0.03663003663003663
0 0.11767578125 0.05201465201465202 0.2353515625 0.11208791208791209
0 0.01513671875 0.03076923076923077 0.0302734375 0.06227106227106227
0 0.015625 0.034432234432234435 0.03125 0.0673992673992674
0 0.01025390625 0.036996336996337 0.0205078125 0.07326007326007326
6 0.00341796875 0.04981684981684982 0.0068359375 0.0989010989010989
6 0.01806640625 0.05531135531135531 0.0361328125 0.10329670329670329
6 0.00927734375 0.012087912087912088 0.0185546875 0.02197802197802198
6 0.00341796875 0.0029304029304029304 0.0068359375 0.005128205128205128
0 0.013671875 0.02600732600732601 0.02734375 0.04908424908424908
0 0.017578125 0.007326007326007326 0.03515625 0.013186813186813187
6 0.015625 0.01868131868131868 0.03125 0.041025641025641026
5 0.01806640625 0.0029304029304029304 0.0361328125 0.006593406593406593
5 0.0400390625 0.003663003663003663 0.080078125 0.005860805860805861
6 0.0087890625 0.009157509157509158 0.017578125 0.01904761904761905
2 0.00830078125 0.00695970695970696 0.0166015625 0.013186813186813187
5 0.00732421875 0.012087912087912088 0.0146484375 0.023443223443223443
5 0.00634765625 0.010622710622710623 0.0126953125 0.021245421245421246
2 0.00390625 0.009523809523809525 0.0078125 0.018315018315018316
2 0.0087890625 0.009523809523809525 0.017578125 0.018315018315018316
2 0.00439453125 0.00989010989010989 0.0087890625 0.020512820512820513
5 0.017578125 0.004395604395604396 0.03515625 0.009523809523809525
5 0.013671875 0.0029304029304029304 0.02734375 0.006593406593406593
5 0.0185546875 0.003663003663003663 0.037109375 0.006593406593406593
6 0.009765625 0.012454212454212455 0.01953125 0.02564102564102564
0 0.13162364130434778 0.4066464936030153 0.26324728260869557 0.8207251685512553
