2 0.00537109375 0.010256410256410256 0.0107421875 0.02490842490842491
0 0.2099609375 0.027472527472527472 0.419921875 0.05641025641025641
5 0.01318359375 0.003663003663003663 0.0263671875 0.006593406593406593
6 0.01904296875 0.00402930402930403 0.0380859375 0.006593406593406593
5 0.0068359375 0.002564102564102564 0.013671875 0.003663003663003663
5 0.01123046875 0.004395604395604396 0.0224609375 0.00805860805860806
2 0.009765625 0.014285714285714285 0.01953125 0.02783882783882784
6 0.0078125 0.0032967032967032967 0.015625 0.006593406593406593
2 0.03076171875 0.011721611721611722 0.0615234375 0.029304029304029304
5 0.00830078125 0.0032967032967032967 0.0166015625 0.005860805860805861
5 0.01025390625 0.0032967032967032967 0.0205078125 0.005860805860805861
4 0.01025390625 0.007326007326007326 0.0205078125 0.01611721611721612
4 0.0087890625 0.008424908424908424 0.017578125 0.018315018315018316
