5 0.02734375 0.00402930402930403 0.0546875 0.00805860805860806
2 0.0078125 0.005494505494505495 0.015625 0.010256410256410256
5 0.005859375 0.02490842490842491 0.01171875 0.04981684981684982
5 0.06201171875 0.008791208791208791 0.1240234375 0.014652014652014652
5 0.06201171875 0.010622710622710623 0.1240234375 0.01684981684981685
0 0.041015625 0.00989010989010989 0.08203125 0.01611721611721612
0 0.04052734375 0.009523809523809525 0.0810546875 0.018315018315018316
5 0.05126953125 0.017582417582417582 0.1025390625 0.024175824175824177
5 0.00732421875 0.017582417582417582 0.0146484375 0.03296703296703297
0 0.43212890625 0.06373626373626373 0.8642578125 0.09377289377289377
0 0.01025390625 0.04065934065934066 0.0205078125 0.08058608058608059
5 0.005859375 0.02893772893772894 0.01171875 0.05641025641025641
5 0.0166015625 0.002197802197802198 0.033203125 0.005128205128205128
5 0.00390625 0.007326007326007326 0.0078125 0.014652014652014652
2 0.01318359375 0.005860805860805861 0.0263671875 0.011721611721611722
0 0.00537109375 0.009523809523809525 0.0107421875 0.018315018315018316
2 0.02294921875 0.009157509157509158 0.0458984375 0.017582417582417582
0 0.01318359375 0.002564102564102564 0.0263671875 0.005128205128205128
5 0.00537109375 0.017216117216117217 0.0107421875 0.03223443223443224
5 0.00390625 0.02673992673992674 0.0078125 0.05347985347985348
6 0.01025390625 0.02564102564102564 0.0205078125 0.04981684981684982
5 0.00341796875 0.013553113553113554 0.0068359375 0.02564102564102564
5 0.009765625 0.002197802197802198 0.01953125 0.004395604395604396
5 0.0029296875 0.020146520146520148 0.005859375 0.03956043956043956
6 0.00390625 0.005494505494505495 0.0078125 0.01098901098901099
6 0.005859375 0.005494505494505495 0.01171875 0.01098901098901099
0 0.013671875 0.0029304029304029304 0.02734375 0.005128205128205128
5 0.009765625 0.002564102564102564 0.01953125 0.005128205128205128
