2 0.03296703296703297 0.01904296875 0.06593406593406594 0.037109375
2 0.08205128205128205 0.08056640625 0.1641025641025641 0.1552734375
5 0.007692307692307693 0.02783203125 0.015384615384615385 0.0537109375
5 0.07142857142857142 0.02783203125 0.14285714285714285 0.0546875
2 0.011355311355311355 0.02294921875 0.02271062271062271 0.0458984375
5 0.01282051282051282 0.02685546875 0.02564102564102564 0.0478515625
2 0.02271062271062271 0.02587890625 0.04542124542124542 0.0380859375
2 0.020879120879120878 0.01904296875 0.041758241758241756 0.041015625
2 0.11575091575091576 0.07861328125 0.2315018315018315 0.1435546875
0 0.12014652014652015 0.0185546875 0.2402930402930403 0.0361328125
