4 0.0068359375 0.00805860805860806 0.013671875 0.01391941391941392
5 0.01318359375 0.029304029304029304 0.0263671875 0.06153846153846154
5 0.0166015625 0.029304029304029304 0.033203125 0.0673992673992674
4 0.0078125 0.006593406593406593 0.015625 0.01611721611721612
4 0.00732421875 0.007692307692307693 0.0146484375 0.01684981684981685
4 0.00634765625 0.008424908424908424 0.0126953125 0.014652014652014652
4 0.00634765625 0.007692307692307693 0.0126953125 0.01684981684981685
4 0.00634765625 0.00805860805860806 0.0126953125 0.015384615384615385
4 0.00732421875 0.008424908424908424 0.0146484375 0.01684981684981685
6 0.0029296875 0.005128205128205128 0.005859375 0.009523809523809525
6 0.00830078125 0.00402930402930403 0.0166015625 0.008791208791208791
6 0.00439453125 0.004761904761904762 0.0087890625 0.008791208791208791
6 0.00439453125 0.00402930402930403 0.0087890625 0.008791208791208791
0 0.0595703125 0.2271062271062271 0.119140625 0.46886446886446886
