0 0.03173828125 0.040293040293040296 0.0634765625 0.07912087912087912
0 0.1640625 0.08681318681318681 0.328125 0.1706959706959707
3 0.2812156139964789 0.030769230769230854 0.5624312279929577 0.05571892895836546
2 0.0419921875 0.007326007326007326 0.083984375 0.01611721611721612
0 0.0283203125 0.03736263736263736 0.056640625 0.073992673992674
2 0.03662109375 0.007692307692307693 0.0732421875 0.01391941391941392
4 0.025390625 0.016483516483516484 0.05078125 0.0380952380952381
0 0.25537109375 0.05274725274725275 0.5107421875 0.10622710622710622
6 0.0205078125 0.051648351648351645 0.041015625 0.11062271062271062
5 0.01953125 0.005128205128205128 0.0390625 0.012454212454212455
