6 0.01575091575091575 0.02001953125 0.0315018315018315 0.0341796875
6 0.026373626373626374 0.0 0.05274725274725275 0.0302734375
0 0.005860805860805861 0.02001953125 0.011721611721611722 0.0361328125
6 0.014285714285714285 0.01123046875 0.02857142857142857 0.017578125
6 0.024175824175824177 0.0068359375 0.04835164835164835 0.0107421875
5 0.004395604395604396 0.00537109375 0.008791208791208791 0.0087890625
0 0.008424908424908424 0.0712890625 0.01684981684981685 0.1396484375
0 0.006593406593406593 0.03662109375 0.013186813186813187 0.0732421875
3 0.00805860805860806 0.11865234375 0.01611721611721612 0.236328125
0 0.007326007326007326 0.09814453125 0.014652014652014652 0.1962890625
0 0.00805860805860806 0.10791015625 0.01611721611721612 0.2158203125
0 0.04065934065934066 0.0185546875 0.08131868131868132 0.0341796875
0 0.040293040293040296 0.01806640625 0.08058608058608059 0.0322265625
0 0.17326007326007326 0.06005859375 0.3465201465201465 0.1083984375
5 0.03553113553113553 0.00634765625 0.07106227106227106 0.01171875
0 0.07435897435897436 0.02197265625 0.14871794871794872 0.0400390625
2 0.012087912087912088 0.00634765625 0.024175824175824177 0.0126953125
2 0.013186813186813187 0.0048828125 0.026373626373626374 0.0126953125
2 0.030402930402930402 0.01708984375 0.060805860805860805 0.0419921875
2 0.012454212454212455 0.01708984375 0.02490842490842491 0.033203125
2 0.012454212454212455 0.015625 0.02490842490842491 0.033203125
0 0.14358974358974358 0.03369140625 0.28717948717948716 0.05859375
0 0.3974358974358974 0.10205078125 0.7948717948717948 0.1484375
