6 0.00695970695970696 0.017578125 0.01391941391941392 0.0322265625
2 0.06117216117216117 0.01513671875 0.12234432234432234 0.02734375
2 0.06876655564006395 0.013051909307875864 0.1375331112801279 0.03125
2 0.004761904761904762 0.0126953125 0.009523809523809525 0.021484375
2 0.005494505494505495 0.0107421875 0.01098901098901099 0.0224609375
0 0.01282051282051282 0.01806640625 0.02564102564102564 0.0263671875
0 0.011355311355311355 0.0146484375 0.02271062271062271 0.029296875
0 0.01391941391941392 0.0166015625 0.02783882783882784 0.0322265625
0 0.1347985347985348 0.0703125 0.2695970695970696 0.140625
0 0.13992673992673993 0.03662109375 0.27985347985347986 0.0771484375
0 0.017948717948717947 0.01904296875 0.035897435897435895 0.033203125
6 0.00695970695970696 0.01318359375 0.01391941391941392 0.0244140625
0 0.01684981684981685 0.01806640625 0.0336996336996337 0.0322265625
