5 0.01025390625 0.002564102564102564 0.0205078125 0.005128205128205128
5 0.00830078125 0.002564102564102564 0.0166015625 0.006593406593406593
5 0.01318359375 0.003663003663003663 0.0263671875 0.007326007326007326
0 0.01708984375 0.003663003663003663 0.0341796875 0.007326007326007326
5 0.001953125 0.0062271062271062275 0.00390625 0.012454212454212455
5 0.01513671875 0.004761904761904762 0.0302734375 0.008791208791208791
5 0.01123046875 0.013186813186813187 0.0224609375 0.02564102564102564
5 0.009765625 0.012454212454212455 0.01953125 0.02490842490842491
5 0.009765625 0.003663003663003663 0.01953125 0.005860805860805861
0 0.0068359375 0.0029304029304029304 0.013671875 0.005860805860805861
0 0.0068359375 0.0032967032967032967 0.013671875 0.007326007326007326
2 0.0068359375 0.004761904761904762 0.013671875 0.009523809523809525
2 0.0107421875 0.0032967032967032967 0.021484375 0.006593406593406593
2 0.0107421875 0.0032967032967032967 0.021484375 0.006593406593406593
6 0.02587890625 0.00695970695970696 0.0517578125 0.012454212454212455
0 0.0263671875 0.005128205128205128 0.052734375 0.011721611721611722
0 0.11376953125 0.03076923076923077 0.2275390625 0.06446886446886448
0 0.1103515625 0.051648351648351645 0.220703125 0.10256410256410256
