0 0.03076171875 0.0136327185244587 0.0615234375 0.02165196471531676
0 0.01904296875 0.03688853247794707 0.0380859375 0.06896551724137931
0 0.05934495192307693 0.021590278206156346 0.11868990384615385 0.03929430633520449
0 0.08447265625 0.03368083400160385 0.1689453125 0.06415396952686447
0 0.08642578125 0.03488372093023256 0.1728515625 0.06575781876503609
0 0.02490234375 0.022052927024859663 0.0498046875 0.044105854049719326
5 0.02734375 0.026062550120288693 0.0546875 0.052125100240577385
2 0.0166015625 0.02165196471531676 0.033203125 0.03929430633520449
0 0.01904296875 0.033279871692060946 0.0380859375 0.06976744186046512
0 0.02783203125 0.1070569366479551 0.0556640625 0.20850040096230954
0 0.02880859375 0.10344827586206896 0.0576171875 0.20609462710505214
0 0.14599609375 0.08540497193263834 0.2919921875 0.16038492381716118
0 0.02783203125 0.024057738572574178 0.0556640625 0.05292702485966319
0 0.2111873183139535 0.1210906174819567 0.422374636627907 0.2764029018481565
6 0.0478515625 0.0272654370489174 0.095703125 0.05693664795509222
