0 0.40869140625 0.07582417582417582 0.8173828125 0.12747252747252746
2 0.01708984375 0.01684981684981685 0.0341796875 0.03076923076923077
2 0.03515625 0.00402930402930403 0.0703125 0.00805860805860806
5 0.02490234375 0.003663003663003663 0.0498046875 0.00805860805860806
5 0.02197265625 0.004395604395604396 0.0439453125 0.008791208791208791
5 0.0205078125 0.005128205128205128 0.041015625 0.010256410256410256
5 0.01806640625 0.004395604395604396 0.0361328125 0.009523809523809525
5 0.0146484375 0.004395604395604396 0.029296875 0.009523809523809525
5 0.0126953125 0.004761904761904762 0.025390625 0.009523809523809525
5 0.01025390625 0.004761904761904762 0.0205078125 0.009523809523809525
5 0.00830078125 0.004761904761904762 0.0166015625 0.010256410256410256
5 0.005859375 0.004395604395604396 0.01171875 0.008791208791208791
6 0.0048828125 0.003663003663003663 0.009765625 0.007326007326007326
6 0.00439453125 0.003663003663003663 0.0087890625 0.007326007326007326
6 0.00439453125 0.0032967032967032967 0.0087890625 0.005860805860805861
0 0.021484375 0.00402930402930403 0.04296875 0.009523809523809525
0 0.02490234375 0.004395604395604396 0.0498046875 0.00805860805860806
0 0.03759765625 0.013186813186813187 0.0751953125 0.02564102564102564
0 0.017578125 0.07765567765567766 0.03515625 0.1523809523809524
5 0.03249818915562914 0.003638745360599687 0.06499637831125828 0.00921815491351914
2 0.026354252897350994 0.005336826528879524 0.05270850579470199 0.00897557188947921
