0 0.28998242530755713 0.04736328125 0.5799648506151143 0.103515625
2 0.04569420035149385 0.00830078125 0.0913884007029877 0.017578125
0 0.07557117750439367 0.01416015625 0.15114235500878734 0.0283203125
0 0.04173989455184534 0.01513671875 0.08347978910369068 0.029296875
0 0.18673110720562391 0.0234375 0.37346221441124783 0.04296875
0 0.0421792618629174 0.017578125 0.0843585237258348 0.033203125
0 0.07776801405975395 0.017578125 0.1555360281195079 0.033203125
2 0.037785588752196834 0.01123046875 0.07557117750439367 0.021484375
0 0.2557117750439367 0.048828125 0.5114235500878734 0.09375
0 0.13268892794376097 0.01953125 0.26537785588752194 0.0419921875
2 0.011862917398945518 0.0048828125 0.023725834797891036 0.009765625
2 0.033391915641476276 0.01123046875 0.06678383128295255 0.0205078125
2 0.013620386643233744 0.005859375 0.027240773286467488 0.009765625
0 0.07864674868189807 0.02001953125 0.15729349736379614 0.0400390625
5 0.03965022075528313 0.007939532520325199 0.07930044151056626 0.019848831300813025
6 0.02093859841827768 0.012969970703125 0.04187719683655536 0.023651123046875
6 0.02025208699472759 0.0133514404296875 0.04050417398945518 0.0244140625
6 0.016133018453427066 0.0164031982421875 0.03226603690685413 0.030517578125
