0 0.13818359375 0.02490842490842491 0.2763671875 0.05128205128205128
5 0.00341796875 0.002197802197802198 0.0068359375 0.004395604395604396
5 0.01220703125 0.0029304029304029304 0.0244140625 0.005128205128205128
5 0.0068359375 0.0029304029304029304 0.013671875 0.004395604395604396
5 0.0087890625 0.0032967032967032967 0.017578125 0.006593406593406593
5 0.00537109375 0.002564102564102564 0.0107421875 0.004395604395604396
0 0.07861328125 0.01575091575091575 0.1572265625 0.03076923076923077
2 0.0595703125 0.007692307692307693 0.119140625 0.015384615384615385
5 0.00244140625 0.00989010989010989 0.0048828125 0.01904761904761905
5 0.005859375 0.0018315018315018315 0.01171875 0.003663003663003663
5 0.0078125 0.002564102564102564 0.015625 0.005860805860805861
5 0.00927734375 0.0032967032967032967 0.0185546875 0.005860805860805861
0 0.0517578125 0.008424908424908424 0.103515625 0.017582417582417582
5 0.0048828125 0.0029304029304029304 0.009765625 0.005860805860805861
5 0.01025390625 0.002197802197802198 0.0205078125 0.005128205128205128
3 0.130859375 0.008791208791208791 0.26171875 0.018315018315018316
0 0.0439453125 0.005494505494505495 0.087890625 0.011721611721611722
0 0.12548828125 0.027106227106227107 0.2509765625 0.05567765567765568
