0 0.037109375 0.17032967032967034 0.07421875 0.3355311355311355
6 0.00439453125 0.007326007326007326 0.0087890625 0.015384615384615385
6 0.0029296875 0.004395604395604396 0.005859375 0.008791208791208791
6 0.00341796875 0.004761904761904762 0.0068359375 0.008791208791208791
0 0.013671875 0.027106227106227107 0.02734375 0.054212454212454214
2 0.03564453125 0.01684981684981685 0.0712890625 0.03663003663003663
6 0.0322265625 0.005128205128205128 0.064453125 0.005860805860805861
0 0.01416015625 0.02600732600732601 0.0283203125 0.05128205128205128
0 0.013671875 0.036996336996337 0.02734375 0.073992673992674
5 0.0048828125 0.00805860805860806 0.009765625 0.01684981684981685
