0 0.1875 0.015384615384615385 0.375 0.03663003663003663
2 0.06298828125 0.014285714285714285 0.1259765625 0.024175824175824177
2 0.04052734375 0.01282051282051282 0.0810546875 0.02564102564102564
0 0.12744140625 0.016483516483516484 0.2548828125 0.035897435897435895
0 0.072265625 0.02857142857142857 0.14453125 0.054945054945054944
0 0.22900390625 0.01575091575091575 0.4580078125 0.03882783882783883
2 0.04443359375 0.012454212454212455 0.0888671875 0.024175824175824177
2 0.06787109375 0.014652014652014652 0.1357421875 0.02490842490842491
3 0.19921875 0.013186813186813187 0.3984375 0.03076923076923077
3 0.31591796875 0.014652014652014652 0.6318359375 0.035164835164835165
0 0.1171875 0.01575091575091575 0.234375 0.03296703296703297
0 0.08251953125 0.01611721611721612 0.1650390625 0.0336996336996337
0 0.13232421875 0.01575091575091575 0.2646484375 0.03956043956043956
