5 0.01513671875 0.005494505494505495 0.0302734375 0.010256410256410256
0 0.197265625 0.060805860805860805 0.39453125 0.11575091575091576
0 0.21142578125 0.06703296703296703 0.4228515625 0.1347985347985348
0 0.2001953125 0.035897435897435895 0.400390625 0.06666666666666667
0 0.02880859375 0.013186813186813187 0.0576171875 0.02564102564102564
0 0.0283203125 0.012087912087912088 0.056640625 0.026373626373626374
0 0.05517578125 0.012087912087912088 0.1103515625 0.02490842490842491
6 0.01025390625 0.007326007326007326 0.0205078125 0.01391941391941392
6 0.03065952034883721 0.005679075446517349 0.06131904069767442 0.017355254564556943
0 0.07865417179802953 0.01551814359696135 0.15730834359605905 0.02706652952958373
