5 0.01318359375 0.003663003663003663 0.0263671875 0.007326007326007326
2 0.0078125 0.00695970695970696 0.015625 0.01391941391941392
2 0.12548828125 0.026373626373626374 0.2509765625 0.05641025641025641
2 0.06884765625 0.020879120879120878 0.1376953125 0.04249084249084249
4 0.0107421875 0.00989010989010989 0.021484375 0.017582417582417582
5 0.103515625 0.00402930402930403 0.20703125 0.008791208791208791
2 0.18212890625 0.020512820512820513 0.3642578125 0.040293040293040296
2 0.16259765625 0.020512820512820513 0.3251953125 0.041758241758241756
0 0.0927734375 0.00989010989010989 0.185546875 0.01978021978021978
0 0.42041015625 0.08681318681318681 0.8408203125 0.15457875457875458
