5 0.04248046875 0.004761904761904762 0.0849609375 0.010256410256410256
0 0.0283203125 0.006593406593406593 0.056640625 0.013186813186813187
2 0.0927734375 0.01098901098901099 0.185546875 0.020512820512820513
2 0.08154296875 0.011721611721611722 0.1630859375 0.023443223443223443
2 0.1640625 0.012454212454212455 0.328125 0.02490842490842491
0 0.02880859375 0.0062271062271062275 0.0576171875 0.012454212454212455
0 0.02880859375 0.006593406593406593 0.0576171875 0.013186813186813187
2 0.29345703125 0.05531135531135531 0.5869140625 0.07765567765567766
0 0.0224609375 0.0062271062271062275 0.044921875 0.012454212454212455
0 0.07080078125 0.01282051282051282 0.1416015625 0.02490842490842491
0 0.03759765625 0.01684981684981685 0.0751953125 0.03076923076923077
0 0.0244140625 0.018315018315018316 0.048828125 0.0315018315018315
0 0.02880859375 0.006593406593406593 0.0576171875 0.013186813186813187
0 0.0234375 0.017216117216117217 0.046875 0.034432234432234435
0 0.03369140625 0.020879120879120878 0.0673828125 0.041025641025641026
0 0.09521484375 0.04835164835164835 0.1904296875 0.08644688644688645
0 0.30322265625 0.05201465201465202 0.6064453125 0.10915750915750916
2 0.0107421875 0.012087912087912088 0.021484375 0.023443223443223443
2 0.0166015625 0.009157509157509158 0.033203125 0.018315018315018316
0 0.00537109375 0.01684981684981685 0.0107421875 0.03296703296703297
2 0.006192835365853657 0.006968641114982612 0.012385670731707314 0.002144197266148451
2 0.012385670731707318 0.006253908692933059 0.024771341463414635 0.01643884570713843
2 0.011194740853658534 0.0010720986330742255 0.02238948170731707 0.021441972661484926
6 0.005070612980769246 0.020850943927867 0.010141225961538491 0.04226542688081161
6 0.004695012019230754 0.037897999436461015 0.009390024038461509 0.07551422936038323
5 0.006134815705128194 0.011552550014088437 0.012269631410256387 0.023480792711561897
6 0.07378472222222221 0.022385022385022376 0.14756944444444442 0.04639804639804643
6 0.08029513888888895 0.011396011396011428 0.1605902777777779 0.019536019536019508
6 0.05805121527777779 0.01750101750101752 0.11610243055555558 0.05453805453805455
