3 0.35875475084459457 0.01098901098901099 0.7175095016891891 0.024750024750024763
0 0.154296875 0.04675774675774676 0.30859375 0.08717948717948718
4 0.08837890625 0.09377289377289377 0.1767578125 0.14725274725274726
2 0.00634765625 0.003663003663003663 0.0126953125 0.007326007326007326
2 0.02685546875 0.00402930402930403 0.0537109375 0.006593406593406593
6 0.015625 0.004395604395604396 0.03125 0.00805860805860806
2 0.005859375 0.002564102564102564 0.01171875 0.005128205128205128
4 0.007164996603260865 0.003535594839942673 0.01432999320652173 0.008663799968147801
6 0.0029296875 0.003663003663003663 0.005859375 0.00805860805860806
0 0.0986328125 0.03333333333333333 0.197265625 0.060073260073260075
4 0.06719805743243246 0.04294624294624294 0.1343961148648649 0.08361548361548359
4 0.06996938344594594 0.04765864765864766 0.13993876689189189 0.08131868131868132
