0 0.07666015625 0.014652014652014652 0.1533203125 0.02564102564102564
2 0.07421875 0.005860805860805861 0.1484375 0.01098901098901099
0 0.1845703125 0.02783882783882784 0.369140625 0.06373626373626373
5 0.0126953125 0.0029304029304029304 0.025390625 0.005860805860805861
5 0.0048828125 0.00402930402930403 0.009765625 0.007326007326007326
6 0.01708984375 0.003663003663003663 0.0341796875 0.002197802197802198
2 0.01220703125 0.00402930402930403 0.0244140625 0.008791208791208791
2 0.02587890625 0.00402930402930403 0.0517578125 0.009523809523809525
2 0.02587890625 0.005494505494505495 0.0517578125 0.01098901098901099
2 0.01025390625 0.0032967032967032967 0.0205078125 0.00805860805860806
