2 0.017578125 0.005494505494505495 0.03515625 0.012454212454212455
2 0.033203125 0.005128205128205128 0.06640625 0.01098901098901099
2 0.01416015625 0.0029304029304029304 0.0283203125 0.005860805860805861
2 0.0126953125 0.002564102564102564 0.025390625 0.006593406593406593
2 0.0078125 0.02271062271062271 0.015625 0.046153846153846156
5 0.0029296875 0.006593406593406593 0.005859375 0.014652014652014652
6 0.0048828125 0.005860805860805861 0.009765625 0.013186813186813187
5 0.00830078125 0.002197802197802198 0.0166015625 0.003663003663003663
5 0.0029296875 0.0018315018315018315 0.005859375 0.004395604395604396
2 0.00244140625 0.002564102564102564 0.0048828125 0.005128205128205128
5 0.01220703125 0.0014652014652014652 0.0244140625 0.002197802197802198
5 0.01171875 0.002564102564102564 0.0234375 0.005128205128205128
5 0.05126953125 0.002197802197802198 0.1025390625 0.005128205128205128
5 0.01513671875 0.00695970695970696 0.0302734375 0.04981684981684982
6 0.0244140625 0.011355311355311355 0.048828125 0.020512820512820513
0 0.1298828125 0.36043956043956044 0.259765625 0.7018315018315018
0 0.01171875 0.003663003663003663 0.0234375 0.007326007326007326
0 0.02734375 0.005860805860805861 0.0546875 0.01098901098901099
0 0.013671875 0.005860805860805861 0.02734375 0.011721611721611722
2 0.01611328125 0.003663003663003663 0.0322265625 0.007326007326007326
