0 0.3498168498168498 0.0859375 0.6996336996336996 0.1689453125
0 0.14725274725274726 0.03271484375 0.2945054945054945 0.0673828125
2 0.04908424908424908 0.0263671875 0.09816849816849817 0.048828125
2 0.13406593406593406 0.02587890625 0.2681318681318681 0.0517578125
2 0.03553113553113553 0.0166015625 0.07106227106227106 0.0341796875
2 0.031868131868131866 0.01416015625 0.06373626373626373 0.0302734375
5 0.004761904761904762 0.0224609375 0.009523809523809525 0.0537109375
5 0.015384615384615385 0.0078125 0.03076923076923077 0.015625
5 0.0062271062271062275 0.025390625 0.012454212454212455 0.037109375
5 0.025274725274725275 0.04736328125 0.05054945054945055 0.1171875
0 0.034432234432234435 0.015625 0.06886446886446887 0.037109375
