5 0.0107421875 0.0018315018315018315 0.021484375 0.004395604395604396
0 0.0634765625 0.0326007326007326 0.126953125 0.063003663003663
0 0.0263671875 0.08278388278388278 0.052734375 0.1663003663003663
4 0.00634765625 0.005860805860805861 0.0126953125 0.011721611721611722
0 0.06201171875 0.023809523809523808 0.1240234375 0.04395604395604396
5 0.00341796875 0.007326007326007326 0.0068359375 0.01391941391941392
5 0.00390625 0.00695970695970696 0.0078125 0.013186813186813187
6 0.06298828125 0.004761904761904762 0.1259765625 0.01611721611721612
6 0.0234375 0.060805860805860805 0.046875 0.12161172161172161
5 0.06494140625 0.017582417582417582 0.1298828125 0.04249084249084249
6 0.00830078125 0.005494505494505495 0.0166015625 0.012454212454212455
6 0.0146484375 0.006593406593406593 0.029296875 0.01391941391941392
6 0.02197265625 0.02857142857142857 0.0439453125 0.06153846153846154
6 0.01416015625 0.005494505494505495 0.0283203125 0.01098901098901099
0 0.0419921875 0.252014652014652 0.083984375 0.4908424908424908
6 0.00927734375 0.00402930402930403 0.0185546875 0.007326007326007326
5 0.142578125 0.008791208791208791 0.28515625 0.015384615384615385
5 0.0048828125 0.0032967032967032967 0.009765625 0.005860805860805861
5 0.015625 0.002197802197802198 0.03125 0.005128205128205128
