5 0.031051964512040557 0.0078125 0.062103929024081114 0.0
5 0.022179974651457542 0.01220703125 0.044359949302915085 0.017578125
2 0.011406844106463879 0.02587890625 0.022813688212927757 0.048828125
2 0.015525982256020279 0.0263671875 0.031051964512040557 0.056640625
0 0.38244613434727504 0.0771484375 0.7648922686945501 0.154296875
6 0.020278833967046894 0.05126953125 0.04055766793409379 0.0986328125
6 0.026299112801013942 0.0927734375 0.052598225602027884 0.189453125
2 0.011723700887198986 0.02685546875 0.023447401774397972 0.0537109375
6 0.04531051964512041 0.0263671875 0.09062103929024082 0.0439453125
6 0.043092522179974654 0.01708984375 0.08618504435994931 0.0498046875
6 0.04214195183776933 0.02099609375 0.08428390367553866 0.048828125
5 0.017427122940430924 0.01513671875 0.03485424588086185 0.033203125
6 0.039923954372623575 0.01611328125 0.07984790874524715 0.0400390625
2 0.021229404309252218 0.01904296875 0.042458808618504436 0.03125
2 0.013307984790874524 0.02685546875 0.026615969581749048 0.0546875
