0 0.0172206333705357 0.030115122972265852 0.0344412667410714 0.060714285714285714
0 0.01220703125 0.02161172161172161 0.0244140625 0.041758241758241756
5 0.01123046875 0.004395604395604396 0.0224609375 0.00805860805860806
5 0.01708984375 0.0029304029304029304 0.0341796875 0.005128205128205128
5 0.01708984375 0.00402930402930403 0.0341796875 0.007326007326007326
5 0.01513671875 0.0029304029304029304 0.0302734375 0.005860805860805861
5 0.0146484375 0.003663003663003663 0.029296875 0.007326007326007326
5 0.01171875 0.00402930402930403 0.0234375 0.00805860805860806
0 0.02490234375 0.010622710622710623 0.0498046875 0.021245421245421246
0 0.0244140625 0.010622710622710623 0.048828125 0.02197802197802198
0 0.03662109375 0.010256410256410256 0.0732421875 0.02197802197802198
0 0.04638671875 0.011721611721611722 0.0927734375 0.023443223443223443
0 0.03375244140624997 0.011283359497645177 0.06750488281249994 0.02271062271062271
0 0.0810546875 0.039194139194139194 0.162109375 0.07545787545787545
0 0.10942731584821427 0.05658032443746724 0.21885463169642855 0.11839351125065413
