0 0.0347075591216216 0.06056826056826057 0.0694151182432432 0.12967032967032968
0 0.03564453125 0.06593406593406594 0.0712890625 0.1326007326007326
2 0.02099609375 0.21575091575091576 0.0419921875 0.42637362637362636
0 0.0146484375 0.046153846153846156 0.029296875 0.09304029304029304
0 0.01708984375 0.04798534798534799 0.0341796875 0.0967032967032967
0 0.015625 0.06153846153846154 0.03125 0.12161172161172161
0 0.01611328125 0.050183150183150185 0.0322265625 0.10036630036630037
0 0.0166015625 0.02673992673992674 0.033203125 0.05274725274725275
0 0.060516710907335916 0.086554372268658 0.12103342181467183 0.1773516059230345
0 0.056640625 0.0956043956043956 0.11328125 0.17582417582417584
