2 0.037109375 0.014285714285714285 0.07421875 0.02490842490842491
0 0.04638671875 0.02967032967032967 0.0927734375 0.05787545787545788
0 0.02978515625 0.16007326007326006 0.0595703125 0.31648351648351647
6 0.04345703125 0.012087912087912088 0.0869140625 0.014652014652014652
5 0.02001953125 0.05128205128205128 0.0400390625 0.10036630036630037
6 0.021484375 0.00695970695970696 0.04296875 0.020512820512820513
0 0.0419921875 0.09267399267399268 0.083984375 0.1838827838827839
2 0.01904296875 0.01282051282051282 0.0380859375 0.02490842490842491
2 0.01513671875 0.010622710622710623 0.0302734375 0.02490842490842491
0 0.046875 0.14835164835164835 0.09375 0.2893772893772894
2 0.01513671875 0.009157509157509158 0.0302734375 0.018315018315018316
