0 0.07470703125 0.016483516483516484 0.1494140625 0.03310159228526581
0 0.18701171875 0.05347985347985348 0.3740234375 0.10183150183150183
0 0.0625 0.04139194139194139 0.125 0.08644688644688645
4 0.03271484375 0.04065934065934066 0.0654296875 0.08058608058608059
0 0.09716796875 0.041758241758241756 0.1943359375 0.08278388278388278
0 0.1962890625 0.0380952380952381 0.392578125 0.0761904761904762
0 0.07373046875 0.08901098901098901 0.1474609375 0.1772893772893773
3 0.1611328125 0.017216117216117217 0.322265625 0.03076923076923077
5 0.03369140625 0.005128205128205128 0.0673828125 0.01391941391941392
5 0.01416015625 0.009523809523809525 0.0283203125 0.01978021978021978
5 0.013671875 0.01611721611721612 0.02734375 0.03223443223443224
