0 0.05126953125 0.336996336996337 0.1025390625 0.6695970695970695
0 0.0087890625 0.02161172161172161 0.017578125 0.04322344322344322
0 0.0205078125 0.036996336996337 0.041015625 0.073992673992674
0 0.02001953125 0.03333333333333333 0.0400390625 0.0695970695970696
0 0.02001953125 0.03553113553113553 0.0400390625 0.07106227106227106
5 0.05078125 0.010622710622710623 0.1015625 0.026373626373626374
0 0.0498046875 0.009157509157509158 0.099609375 0.015384615384615385
0 0.04052734375 0.009523809523809525 0.0810546875 0.01391941391941392
5 0.0400390625 0.008424908424908424 0.080078125 0.01684981684981685
5 0.0458984375 0.007692307692307693 0.091796875 0.013186813186813187
0 0.01611328125 0.00805860805860806 0.0322265625 0.013186813186813187
5 0.0224609375 0.007692307692307693 0.044921875 0.01684981684981685
5 0.005859375 0.00805860805860806 0.01171875 0.015384615384615385
6 0.0234375 0.011355311355311355 0.046875 0.02271062271062271
