2 0.0048828125 0.0029304029304029304 0.009765625 0.005860805860805861
2 0.0625 0.013186813186813187 0.125 0.021245421245421246
2 0.01220703125 0.006593406593406593 0.0244140625 0.011721611721611722
0 0.16943359375 0.027106227106227107 0.3388671875 0.04981684981684982
2 0.04931640625 0.02271062271062271 0.0986328125 0.04542124542124542
2 0.052734375 0.01684981684981685 0.10546875 0.03296703296703297
0 0.0419921875 0.00805860805860806 0.083984375 0.01611721611721612
2 0.009765625 0.005128205128205128 0.01953125 0.01098901098901099
0 0.0556640625 0.00695970695970696 0.111328125 0.012454212454212455
2 0.0087890625 0.004761904761904762 0.017578125 0.009523809523809525
5 0.0205078125 0.0032967032967032967 0.041015625 0.007326007326007326
2 0.068359375 0.017948717948717947 0.13671875 0.035897435897435895
0 0.0359950921474359 0.005048370432985855 0.0719901842948718 0.009392317084624775
