4 0.0037774725274725275 0.004887585532746823 0.007554945054945055 0.010752688172043012
3 0.20594295410471883 0.022482893450635387 0.41188590820943766 0.03521936633891102
2 0.12015615962984386 0.01857282502443793 0.2403123192596877 0.034984822760714095
0 0.13942307692307693 0.08406647116324535 0.27884615384615385 0.15835777126099707
0 0.3279532967032967 0.06402737047898338 0.6559065934065934 0.11827956989247312
0 0.013736263736263736 0.004398826979472141 0.027472527472527472 0.007820136852394917
5 0.008928571428571428 0.006842619745845552 0.017857142857142856 0.01270772238514174
3 0.009271978021978022 0.004887585532746823 0.018543956043956044 0.009775171065493646
5 0.008928571428571428 0.004887585532746823 0.017857142857142856 0.006842619745845552
2 0.004807692307692308 0.005865102639296188 0.009615384615384616 0.010752688172043012
