5 0.015625 0.005128205128205128 0.03125 0.010256410256410256
5 0.005859375 0.020879120879120878 0.01171875 0.03956043956043956
5 0.01611328125 0.002564102564102564 0.0322265625 0.006593406593406593
0 0.0234375 0.07326007326007326 0.046875 0.14505494505494507
0 0.02392578125 0.07326007326007326 0.0478515625 0.1457875457875458
0 0.02392578125 0.07252747252747253 0.0478515625 0.1443223443223443
4 0.02392578125 0.020146520146520148 0.0478515625 0.03736263736263736
4 0.0234375 0.017582417582417582 0.046875 0.03663003663003663
0 0.02490234375 0.07362637362637363 0.0498046875 0.14725274725274726
0 0.025390625 0.07252747252747253 0.05078125 0.14505494505494507
4 0.0244140625 0.020879120879120878 0.048828125 0.04322344322344322
0 0.28857421875 0.05457875457875458 0.5771484375 0.10915750915750916
0 0.02392578125 0.07326007326007326 0.0478515625 0.14652014652014653
