5 0.02735229759299781 0.0048828125 0.05470459518599562 0.0078125
5 0.013858497447118891 0.001953125 0.027716994894237783 0.0048828125
0 0.32603938730853393 0.1171875 0.6520787746170679 0.263671875
3 0.08424507658643327 0.0205078125 0.16849015317286653 0.0283203125
0 0.03355215171407731 0.01416015625 0.06710430342815463 0.02734375
5 0.0018234865061998542 0.001953125 0.0036469730123997084 0.0029296875
5 0.01312910284463895 0.00244140625 0.0262582056892779 0.0048828125
0 0.08096280087527352 0.04833984375 0.16192560175054704 0.1005859375
5 0.014587892049598834 0.01123046875 0.029175784099197667 0.021484375
3 0.010211524434719184 0.00634765625 0.020423048869438368 0.013671875
0 0.03355215171407731 0.015625 0.06710430342815463 0.03125
0 0.03355215171407731 0.015625 0.06710430342815463 0.03125
0 0.0886214442013129 0.041015625 0.1772428884026258 0.0869140625
0 0.09008023340627279 0.04638671875 0.18016046681254558 0.0927734375
