5 0.13916015625 0.017948717948717947 0.2783203125 0.035897435897435895
5 0.02099609375 0.05860805860805861 0.0419921875 0.11794871794871795
5 0.0517578125 0.015018315018315019 0.103515625 0.035897435897435895
5 0.1396484375 0.016483516483516484 0.279296875 0.0336996336996337
4 0.01416015625 0.013553113553113554 0.0283203125 0.02564102564102564
0 0.017578125 0.05274725274725275 0.03515625 0.10476190476190476
5 0.02197265625 0.05714285714285714 0.0439453125 0.11355311355311355
5 0.021484375 0.08424908424908426 0.04296875 0.16556776556776556
0 0.03955078125 0.07326007326007326 0.0791015625 0.15018315018315018
0 0.09423828125 0.21978021978021978 0.1884765625 0.43956043956043955
5 0.04345703125 0.014652014652014652 0.0869140625 0.05128205128205128
