5 0.003738317757009346 0.0283203125 0.007476635514018692 0.0498046875
5 0.07663551401869159 0.015625 0.15327102803738318 0.033203125
0 0.05 0.0185546875 0.1 0.037109375
2 0.011214953271028037 0.0205078125 0.022429906542056073 0.041015625
2 0.04906542056074766 0.01953125 0.09813084112149532 0.041015625
0 0.32710280373831774 0.0927734375 0.6542056074766355 0.2734375
0 0.0051401869158878505 0.04833984375 0.010280373831775701 0.09765625
0 0.002336448598130841 0.01708984375 0.004672897196261682 0.033203125
2 0.002803738317757009 0.00439453125 0.005607476635514018 0.0087890625
0 0.04392523364485981 0.0390625 0.08785046728971962 0.076171875
2 0.002803738317757009 0.019042968750000014 0.005607476635514018 0.03320312500000003
0 0.003738317757009346 0.02880859375 0.007476635514018692 0.05859375
5 0.012616822429906542 0.00634765625 0.025233644859813085 0.013671875
2 0.016355140186915886 0.00634765625 0.03271028037383177 0.01171875
