2 0.046875 0.01391941391941392 0.09375 0.026373626373626374
2 0.025390625 0.00989010989010989 0.05078125 0.017582417582417582
0 0.0537109375 0.02197802197802198 0.107421875 0.0380952380952381
0 0.0458984375 0.01391941391941392 0.091796875 0.02783882783882784
0 0.02490234375 0.010622710622710623 0.0498046875 0.01978021978021978
0 0.10302734375 0.02600732600732601 0.2060546875 0.06153846153846154
0 0.060546875 0.011721611721611722 0.12109375 0.02490842490842491
0 0.03076171875 0.01684981684981685 0.0615234375 0.029304029304029304
6 0.02685546875 -0.002564102564102564 0.0537109375 -0.004395604395604396
6 0.0263671875 -0.005128205128205128 0.052734375 -0.007326007326007326
6 0.02978515625 0.005128205128205128 0.0595703125 0.009523809523809525
6 0.00634765625 -0.0032967032967032967 0.0126953125 -0.006593406593406593
6 0.01904296875 -0.004395604395604396 0.0380859375 -0.009523809523809525
6 0.03759765625 0.0018315018315018315 0.0751953125 0.005860805860805861
6 0.04443359375 0.003663003663003663 0.0888671875 0.011721611721611722
6 0.0380859375 0.001098901098901099 0.076171875 0.004395604395604396
6 0.046875 0.002564102564102564 0.09375 0.011721611721611722
6 0.03759765625 0.0014652014652014652 0.0751953125 0.0029304029304029304
6 0.04638671875 0.002564102564102564 0.0927734375 0.01098901098901099
6 0.037109375 0.0014652014652014652 0.07421875 0.0029304029304029304
6 0.0478515625 0.002564102564102564 0.095703125 0.007326007326007326
6 0.03662109375 0.001098901098901099 0.0732421875 0.002197802197802198
6 0.044921875 0.001098901098901099 0.08984375 0.003663003663003663
6 0.03955078125 0.0007326007326007326 0.0791015625 0.009523809523809525
