2 0.02001953125 0.018027961736571008 0.0400390625 0.03384841795437822
0 0.03271484375 0.07983811626195732 0.0654296875 0.1626195732155997
0 0.0078125 0.017292126563649743 0.015625 0.03532008830022075
0 0.02294921875 0.009565857247976454 0.0458984375 0.01839587932303164
0 0.12451171875 0.08793230316409124 0.2490234375 0.17365710080941868
2 0.02001953125 0.018027961736571008 0.0400390625 0.034584253127299486
0 0.033203125 0.12693156732891833 0.06640625 0.2582781456953642
0 0.0380859375 0.029801324503311258 0.076171875 0.058130978660779986
0 0.0078125 0.03568800588668138 0.015625 0.06916850625459897
0 0.00732421875 0.017292126563649743 0.0146484375 0.034584253127299486
0 0.0068359375 0.02612214863870493 0.013671875 0.05371596762325239
2 0.04052734375 0.010301692420897719 0.0810546875 0.020603384841795438
5 0.06494140625 0.006254598969830758 0.1298828125 0.01177336276674025
0 0.02490234375 0.1188373804267844 0.0498046875 0.235467255334805
