5 0.0146484375 0.001098901098901099 0.029296875 0.018315018315018316
2 0.01708984375 0.004395604395604396 0.0341796875 0.007326007326007326
2 0.09521484375 0.006593406593406593 0.1904296875 0.01611721611721612
0 0.0634765625 0.01282051282051282 0.126953125 0.026373626373626374
0 0.0517578125 0.15018315018315018 0.103515625 0.30915750915750917
2 0.005859375 0.01282051282051282 0.01171875 0.0336996336996337
2 0.08984375 0.014285714285714285 0.1796875 0.0315018315018315
0 0.09033203125 0.01282051282051282 0.1806640625 0.026373626373626374
0 0.09130859375 0.013186813186813187 0.1826171875 0.029304029304029304
0 0.0595703125 0.14725274725274726 0.119140625 0.2967032967032967
5 0.0009765625 0.005128205128205128 0.001953125 0.009523809523809525
0 0.00146484375 0.00402930402930403 0.0029296875 0.006593406593406593
5 0.00048828125 0.005128205128205128 0.0009765625 0.009523809523809525
2 0.09423828125 0.01391941391941392 0.1884765625 0.03296703296703297
0 0.0400390625 0.010420775805391172 0.080078125 0.01684981684981685
