0 0.04485294117647059 0.02490234375 0.08970588235294118 0.048828125
2 0.048763175790547425 0.009765625 0.09752635158109485 0.018628070809248554
2 0.03602941176470588 0.0224609375 0.07205882352941176 0.04296875
0 0.05036764705882353 0.2607421875 0.10073529411764706 0.5361328125
2 0.05759803921568628 0.0146484375 0.11519607843137256 0.02604166666666663
2 0.06544117647058824 0.0244140625 0.13088235294117648 0.05078125
0 0.03308823529411765 0.02294921875 0.0661764705882353 0.04296875
0 0.017279411764705883 0.01904296875 0.03455882352941177 0.0380859375
0 0.01764705882352941 0.01953125 0.03529411764705882 0.0400390625
0 0.01875 0.02099609375 0.0375 0.04296875
0 0.026470588235294117 0.1396484375 0.052941176470588235 0.2744140625
0 0.013970588235294118 0.01171875 0.027941176470588237 0.0380859375
2 0.01838235294117647 0.009765625 0.03676470588235294 0.0205078125
3 0.04044117647058824 0.01025390625 0.08088235294117647 0.029296875
0 0.022794117647058822 0.0205078125 0.045588235294117645 0.0439453125
