2 0.0224609375 0.009523809523809525 0.044921875 0.01904761904761905
2 0.0224609375 0.009523809523809525 0.044921875 0.01904761904761905
2 0.0224609375 0.009523809523809525 0.044921875 0.01904761904761905
2 0.0224609375 0.009523809523809525 0.044921875 0.01904761904761905
2 0.0224609375 0.009523809523809525 0.044921875 0.01904761904761905
2 0.0224609375 0.009523809523809525 0.044921875 0.01904761904761905
0 0.021484375 0.05787545787545788 0.04296875 0.11575091575091576
0 0.021484375 0.057509157509157506 0.04296875 0.11501831501831501
0 0.0244140625 0.05860805860805861 0.048828125 0.11794871794871795
0 0.02351698764534882 0.05824175824175824 0.04703397529069764 0.11541585029957123
0 0.02490234375 0.05860805860805861 0.0498046875 0.11721611721611722
0 0.02392578125 0.05787545787545788 0.0478515625 0.11648351648351649
0 0.02734375 0.051648351648351645 0.0546875 0.10329670329670329
