2 0.138671875 0.02161172161172161 0.27734375 0.0380952380952381
2 0.08154296875 0.014652014652014652 0.1630859375 0.030036630036630037
2 0.078125 0.014285714285714285 0.15625 0.029304029304029304
2 0.05126953125 0.006593406593406593 0.1025390625 0.01098901098901099
5 0.02880859375 0.005128205128205128 0.0576171875 0.01098901098901099
0 0.31053999779929575 0.036836403033586124 0.6210799955985915 0.06666666666666667
0 0.15185546875 0.0663003663003663 0.3037109375 0.1282051282051282
4 0.01318359375 0.010256410256410256 0.0263671875 0.01904761904761905
2 0.13176081730769235 0.012087912087912088 0.2635216346153847 0.02197802197802198
2 0.07763671875 0.00989010989010989 0.1552734375 0.01978021978021978
0 0.0478515625 0.00989010989010989 0.095703125 0.021245421245421246
2 0.013671875 0.007326007326007326 0.02734375 0.01391941391941392
