0 0.08349609375 0.02857142857142857 0.1669921875 0.054212454212454214
0 0.09423828125 0.0684981684981685 0.1884765625 0.12673992673992673
0 0.0537109375 0.0315018315018315 0.107421875 0.0673992673992674
0 0.05517578125 0.011355311355311355 0.1103515625 0.023443223443223443
0 0.05615234375 0.012087912087912088 0.1123046875 0.02197802197802198
0 0.05712890625 0.011721611721611722 0.1142578125 0.02271062271062271
3 0.056640625 0.012087912087912088 0.11328125 0.020512820512820513
0 0.06103515625 0.01098901098901099 0.1220703125 0.02564102564102564
0 0.06201171875 0.012087912087912088 0.1240234375 0.023443223443223443
5 0.01123046875 0.0029304029304029304 0.0224609375 0.005860805860805861
5 0.01318359375 0.002564102564102564 0.0263671875 0.005128205128205128
5 0.01220703125 0.002564102564102564 0.0244140625 0.005860805860805861
