0 0.04652014652014652 0.01513671875 0.09304029304029304 0.0283203125
5 0.01904761904761905 0.0048828125 0.0380952380952381 0.009765625
0 0.10895114275395966 0.01025390625 0.21790228550791932 0.02131932218309862
0 0.0945054945054945 0.01171875 0.189010989010989 0.0244140625
0 0.045787545787545784 0.0146484375 0.09157509157509157 0.0283203125
0 0.09413919413919414 0.03271484375 0.18827838827838828 0.0634765625
0 0.04249084249084249 0.0146484375 0.08498168498168499 0.0302734375
2 0.07912087912087912 0.017578125 0.15824175824175823 0.0322265625
2 0.08058608058608059 0.01611328125 0.16117216117216118 0.033203125
0 0.319047619047619 0.068359375 0.638095238095238 0.1337890625
3 0.13692106979778215 0.030433968321917804 0.2738421395955643 0.0576171875
