4 0.00537109375 0.003663003663003663 0.0107421875 0.007326007326007326
0 0.05078125 0.21501831501831503 0.1015625 0.4293040293040293
0 0.1201171875 0.32344322344322346 0.240234375 0.6556776556776557
3 0.03782460387323944 0.25073518031264513 0.07564920774647887 0.5014703606252903
6 0.00439453125 0.00402930402930403 0.0087890625 0.00805860805860806
0 0.0087890625 0.004395604395604396 0.017578125 0.008791208791208791
5 0.01123046875 0.00402930402930403 0.0224609375 0.00805860805860806
5 0.01171875 0.003663003663003663 0.0234375 0.008791208791208791
5 0.01123046875 0.00402930402930403 0.0224609375 0.00805860805860806
5 0.01123046875 0.004395604395604396 0.0224609375 0.00805860805860806
0 0.0087890625 0.00402930402930403 0.017578125 0.008791208791208791
6 0.00341796875 0.004395604395604396 0.0068359375 0.00805860805860806
5 0.0126953125 0.003663003663003663 0.025390625 0.00805860805860806
5 0.009765625 0.00402930402930403 0.01953125 0.008791208791208791
5 0.009765625 0.00402930402930403 0.01953125 0.00805860805860806
5 0.0126953125 0.00402930402930403 0.025390625 0.00805860805860806
5 0.01220703125 0.00402930402930403 0.0244140625 0.008791208791208791
6 0.0029296875 0.007326007326007326 0.005859375 0.01391941391941392
5 0.01806640625 0.002564102564102564 0.0361328125 0.003663003663003663
5 0.01611328125 0.0014652014652014652 0.0322265625 0.0029304029304029304
6 0.00244140625 0.010622710622710623 0.0048828125 0.02197802197802198
6 0.00146484375 0.003663003663003663 0.0029296875 0.00805860805860806
6 0.001953125 0.003663003663003663 0.00390625 0.008791208791208791
6 0.00341796875 0.003663003663003663 0.0068359375 0.00805860805860806
6 0.001953125 0.0029304029304029304 0.00390625 0.006593406593406593
6 0.00146484375 0.0032967032967032967 0.0029296875 0.00805860805860806
