2 0.046886446886446886 0.03076171875 0.09377289377289377 0.0634765625
0 0.01611721611721612 0.01025390625 0.03223443223443224 0.0224609375
0 0.00695970695970696 0.0185546875 0.01391941391941392 0.0498046875
0 0.02197802197802198 0.01611328125 0.04395604395604396 0.0478515625
0 0.018315018315018316 0.009765625 0.03663003663003663 0.0263671875
0 0.005128205128205128 0.01611328125 0.010256410256410256 0.0361328125
4 0.004761904761904762 0.0078125 0.009523809523809525 0.015625
4 0.004395604395604396 0.0078125 0.008791208791208791 0.013671875
0 0.01575091575091575 0.01416015625 0.0315018315018315 0.0478515625
0 0.007692307692307693 0.0107421875 0.015384615384615385 0.03125
2 0.06373626373626373 0.02978515625 0.12747252747252746 0.0712890625
5 0.02893772893772894 0.021484375 0.05787545787545788 0.041015625
0 0.010622710622710623 0.0380859375 0.021245421245421246 0.0478515625
5 0.0062271062271062275 0.0029296875 0.012454212454212455 0.0166015625
0 0.016483516483516484 0.0048828125 0.03296703296703297 0.0224609375
0 0.021245421245421246 0.0126953125 0.04249084249084249 0.0234375
0 0.020879120879120878 0.0146484375 0.041758241758241756 0.0576171875
6 0.014285714285714285 0.01611328125 0.02857142857142857 0.0244140625
0 0.01575091575091575 0.0087890625 0.0315018315018315 0.0244140625
0 0.32234432234432236 0.150390625 0.6446886446886447 0.3994140625
6 0.005860805860805861 0.0068359375 0.011721611721611722 0.0107421875
0 0.007692307692307693 0.001953125 0.015384615384615385 0.013671875
0 0.011721611721611722 0.00634765625 0.023443223443223443 0.0224609375
0 0.02197802197802198 0.013671875 0.04395604395604396 0.01953125
0 0.005860805860805861 0.0087890625 0.011721611721611722 0.01171875
4 0.008791208791208791 0.01220703125 0.017582417582417582 0.03125
0 0.01904761904761905 0.0146484375 0.0380952380952381 0.0244140625
0 0.005128205128205128 0.01953125 0.010256410256410256 0.0458984375
6 0.00637044115304984 0.005572775135869568 0.01274088230609968 0.0350288722826087
