6 0.00537109375 0.005494505494505495 0.0107421875 0.01098901098901099
6 0.08544921875 0.00989010989010989 0.1708984375 0.020512820512820513
6 0.099609375 0.010256410256410256 0.19921875 0.017582417582417582
0 0.365234375 0.06556776556776557 0.73046875 0.11648351648351649
0 0.03271484375 0.2216117216117216 0.0654296875 0.4388278388278388
0 0.0126953125 0.004395604395604396 0.025390625 0.00805860805860806
0 0.01171875 0.00402930402930403 0.0234375 0.008791208791208791
6 0.0126953125 0.017948717948717947 0.025390625 0.03663003663003663
0 0.033203125 0.01868131868131868 0.06640625 0.035897435897435895
0 0.04296875 0.17545787545787545 0.0859375 0.36336996336996336
0 0.01611328125 0.0062271062271062275 0.0322265625 0.013186813186813187
2 0.01513671875 0.005494505494505495 0.0302734375 0.011721611721611722
0 0.0087890625 0.018315018315018316 0.017578125 0.03663003663003663
0 0.0322265625 0.020879120879120878 0.064453125 0.03736263736263736
