0 0.20458984375 0.044322344322344324 0.4091796875 0.09816849816849817
0 0.07373046875 0.018315018315018316 0.1474609375 0.0380952380952381
0 0.02783203125 0.017948717948717947 0.0556640625 0.0380952380952381
0 0.025390625 0.01684981684981685 0.05078125 0.03296703296703297
0 0.068359375 0.020146520146520148 0.13671875 0.041758241758241756
0 0.13671875 0.01978021978021978 0.2734375 0.040293040293040296
0 0.0146484375 0.02673992673992674 0.029296875 0.05567765567765568
5 0.01318359375 0.00695970695970696 0.0263671875 0.01098901098901099
0 0.0341796875 0.020512820512820513 0.068359375 0.04249084249084249
0 0.0322265625 0.019413919413919414 0.064453125 0.040293040293040296
2 0.20317225302419356 0.017216117216117217 0.4063445060483871 0.037811650714876445
6 0.0146484375 0.005128205128205128 0.029296875 0.01098901098901099
5 0.00830078125 0.004395604395604396 0.0166015625 0.00805860805860806
6 0.00830078125 0.01098901098901099 0.0166015625 0.02197802197802198
