0 0.00830078125 0.035897435897435895 0.0166015625 0.06227106227106227
0 0.2734375 0.05970695970695971 0.546875 0.12967032967032968
0 0.03515625 0.029304029304029304 0.0703125 0.06153846153846154
0 0.00732421875 0.035897435897435895 0.0146484375 0.06227106227106227
0 0.01025390625 0.03333333333333333 0.0205078125 0.06813186813186813
0 0.0078125 0.02893772893772894 0.015625 0.0652014652014652
4 0.0107421875 0.012087912087912088 0.021484375 0.020512820512820513
6 0.00439453125 0.020512820512820513 0.0087890625 0.035897435897435895
5 0.0 0.004395604395604396 0.0 0.034432234432234435
5 0.0224609375 0.0336996336996337 0.044921875 0.05054945054945055
5 0.00927734375 0.004761904761904762 0.0185546875 0.011721611721611722
