5 0.02978515625 0.005128205128205128 0.0595703125 0.011721611721611722
0 0.05126953125 0.011721611721611722 0.1025390625 0.026373626373626374
0 0.06884765625 0.015018315018315019 0.1376953125 0.03223443223443224
0 0.21923828125 0.04285714285714286 0.4384765625 0.08571428571428572
5 0.05810546875 0.03663003663003663 0.1162109375 0.060805860805860805
6 0.0166015625 0.009523809523809525 0.033203125 0.021245421245421246
6 0.01513671875 0.01098901098901099 0.0302734375 0.02197802197802198
2 0.02880859375 0.00805860805860806 0.0576171875 0.01611721611721612
2 0.05126953125 0.008424908424908424 0.1025390625 0.01611721611721612
6 0.08642578125 0.010622710622710623 0.1728515625 0.0336996336996337
5 0.02587890625 0.005128205128205128 0.0517578125 0.00805860805860806
5 0.05615234375 0.004761904761904762 0.1123046875 0.009523809523809525
5 0.037109375 0.004761904761904762 0.07421875 0.012454212454212455
5 0.029296875 0.005128205128205128 0.05859375 0.007326007326007326
