0 0.10546875 0.045787545787545784 0.2109375 0.09084249084249084
5 0.033203125 0.00402930402930403 0.06640625 0.00805860805860806
0 0.00537109375 0.003663003663003663 0.0107421875 0.009523809523809525
0 0.02099609375 0.0062271062271062275 0.0419921875 0.01391941391941392
0 0.068359375 0.01282051282051282 0.13671875 0.02564102564102564
5 0.02001953125 0.004395604395604396 0.0400390625 0.009523809523809525
6 0.01171875 0.0032967032967032967 0.0234375 0.00805860805860806
0 0.0400390625 0.009157509157509158 0.080078125 0.01904761904761905
5 0.005399995132398805 0.0046786028094439 0.01079999026479761 0.00992776693711266
5 0.0063126703660436045 0.0057056131822486806 0.012625340732087209 0.010954777309917441
4 0.05029296875 0.04358974358974359 0.1005859375 0.08717948717948718
5 0.009637129934210509 0.004016451384872437 0.019274259868421018 0.008675534991324441
5 0.0115966796875 0.003205128205128205 0.023193359375 0.010073260073260074
5 0.030674078525641024 0.004345512037819709 0.06134815705128205 0.010256410256410256
