0 0.02673992673992674 0.14990234375 0.05347985347985348 0.2998046875
0 0.10402930402930403 0.05029296875 0.20805860805860807 0.09765625
0 0.026373626373626374 0.14697265625 0.05274725274725275 0.291015625
0 0.026373626373626374 0.14697265625 0.05274725274725275 0.2890625
4 0.04322344322344322 0.0791015625 0.08644688644688645 0.1357421875
4 0.029304029304029304 0.0732421875 0.05860805860805861 0.1396484375
0 0.027106227106227107 0.14794921875 0.054212454212454214 0.2939453125
0 0.16886446886446888 0.056640625 0.33772893772893775 0.1103515625
0 0.10586080586080586 0.04736328125 0.21172161172161172 0.08984375
0 0.10329670329670329 0.04736328125 0.20659340659340658 0.0927734375
0 0.028205128205128206 0.1494140625 0.05641025641025641 0.2958984375
0 0.027472527472527472 0.14697265625 0.054945054945054944 0.2919921875
