5 0.01904761904761905 0.00634765625 0.0380952380952381 0.0107421875
0 0.11172161172161173 0.02294921875 0.22344322344322345 0.0546875
0 0.02564102564102564 0.01123046875 0.05128205128205128 0.01953125
2 0.00805860805860806 0.00732421875 0.01611721611721612 0.0146484375
2 0.02454212454212454 0.0107421875 0.04908424908424908 0.025390625
0 0.020879120879120878 0.01171875 0.041758241758241756 0.0224609375
2 0.02490842490842491 0.01513671875 0.04981684981684982 0.0244140625
2 0.020512820512820513 0.0146484375 0.041025641025641026 0.029296875
2 0.009523809523809525 0.01220703125 0.01904761904761905 0.021484375
2 0.031868131868131866 0.00927734375 0.06373626373626373 0.0244140625
2 0.023443223443223443 0.01611328125 0.046886446886446886 0.03125
