5 0.00984102952308857 0.03076171875 0.01968205904617714 0.0595703125
0 0.1328538985616957 0.0986328125 0.2657077971233914 0.1982421875
0 0.04920514761544285 0.02978515625 0.0984102952308857 0.0546875
2 0.027630582891748676 0.02197265625 0.05526116578349735 0.04296875
2 0.041635124905374715 0.0244140625 0.08327024981074943 0.0478515625
2 0.08781226343679031 0.0224609375 0.17562452687358063 0.0478515625
0 0.06623769871309614 0.02685546875 0.13247539742619227 0.0517578125
0 0.027630582891748676 0.01318359375 0.05526116578349735 0.0283203125
0 0.013626040878122634 0.05224609375 0.02725208175624527 0.107421875
5 0.11847085541256623 0.02392578125 0.23694171082513246 0.0419921875
5 0.02043906131718395 0.03173828125 0.0408781226343679 0.060546875
5 0.010598031794095382 0.0625 0.021196063588190765 0.12890625
5 0.04579863739591219 0.02783203125 0.09159727479182438 0.0537109375
5 0.046555639666919 0.0244140625 0.093111279333838 0.0498046875
5 0.018925056775170326 0.0087890625 0.03785011355034065 0.0244140625
