3 0.01806640625 0.0053639846743295016 0.0361328125 0.012260536398467433
5 0.0146484375 0.00421455938697318 0.029296875 0.00842911877394636
0 0.0263671875 0.32567049808429116 0.052734375 0.6030651340996168
5 0.0146484375 0.00421455938697318 0.029296875 0.00842911877394636
0 0.02001953125 0.0053639846743295016 0.0400390625 0.012260536398467433
0 0.03173828125 0.021455938697318006 0.0634765625 0.038314176245210725
0 0.0283203125 0.06973180076628352 0.056640625 0.13409961685823754
6 0.02490234375 0.022222222222222223 0.0498046875 0.03984674329501916
0 0.12548828125 0.024521072796934867 0.2509765625 0.052873563218390804
2 0.04248046875 0.009578544061302681 0.0849609375 0.021455938697318006
2 0.041015625 0.009578544061302681 0.08203125 0.01992337164750958
0 0.01171875 0.006513409961685823 0.0234375 0.012260536398467433
0 0.01171875 0.006130268199233717 0.0234375 0.013026819923371647
0 0.01171875 0.006130268199233717 0.0234375 0.013026819923371647
0 0.2769203452797203 0.04260107708383575 0.5538406905594406 0.10449320794148373
