2 0.20751953125 0.02783882783882784 0.4150390625 0.05641025641025641
2 0.021484375 0.02857142857142857 0.04296875 0.05567765567765568
6 0.02197265625 0.034432234432234435 0.0439453125 0.054945054945054944
5 0.0048828125 0.026373626373626374 0.009765625 0.05201465201465202
5 0.0029296875 0.01098901098901099 0.005859375 0.020512820512820513
6 0.00146484375 0.008791208791208791 0.0029296875 0.01684981684981685
5 0.00341796875 0.009523809523809525 0.0068359375 0.02490842490842491
6 0.01220703125 0.030036630036630037 0.0244140625 0.06446886446886448
5 -0.00341796875 0.0347985347985348 -0.0068359375 0.08278388278388278
0 0.0751953125 0.36153846153846153 0.150390625 0.7245421245421245
2 0.02001953125 0.01282051282051282 0.0400390625 0.024175824175824177
2 0.021484375 0.01282051282051282 0.04296875 0.023443223443223443
2 0.01953125 0.01391941391941392 0.0390625 0.02197802197802198
2 0.01806640625 0.012087912087912088 0.0361328125 0.024175824175824177
5 0.00732421875 0.005494505494505495 0.0146484375 0.012454212454212455
5 0.0068359375 0.003663003663003663 0.013671875 0.005860805860805861
5 0.00732421875 0.0029304029304029304 0.0146484375 0.005128205128205128
5 0.01220703125 0.003663003663003663 0.0244140625 0.007326007326007326
5 0.01220703125 0.003663003663003663 0.0244140625 0.007326007326007326
2 0.025390625 0.004761904761904762 0.05078125 0.009523809523809525
2 0.017578125 0.004395604395604396 0.03515625 0.010256410256410256
2 0.0224609375 0.04542124542124542 0.044921875 0.08864468864468865
2 0.025390625 0.08315018315018315 0.05078125 0.1641025641025641
2 0.02978515625 0.08095238095238096 0.0595703125 0.16117216117216118
2 0.0322265625 0.11208791208791209 0.064453125 0.2271062271062271
