0 0.32817504525832053 0.04634870883233533 0.6563500905166411 0.072265625
5 0.00872093023255814 0.01123046875 0.01744186046511628 0.0224609375
2 0.020348837209302327 0.0087890625 0.040697674418604654 0.0185546875
2 0.022892441860465115 0.00927734375 0.04578488372093023 0.0185546875
0 0.022165697674418606 0.0048828125 0.04433139534883721 0.01171875
2 0.022165697674418606 0.015625 0.04433139534883721 0.0283203125
0 0.021438953488372093 0.0107421875 0.042877906976744186 0.021484375
5 0.003997093023255814 0.0107421875 0.007994186046511628 0.0244140625
2 0.10199575134168155 0.02587890625 0.2039915026833631 0.04319411057692313
0 0.05704941860465116 0.0205078125 0.11409883720930232 0.037109375
0 0.041787790697674417 0.02001953125 0.08357558139534883 0.03515625
0 0.017078488372093022 0.017578125 0.034156976744186045 0.03515625
0 0.018531976744186048 0.0166015625 0.037063953488372096 0.033203125
0 0.018168604651162792 0.0166015625 0.036337209302325583 0.033203125
0 0.02616279069767442 0.166015625 0.05232558139534884 0.3408203125
0 0.013808139534883721 0.03662109375 0.027616279069767442 0.0732421875
0 0.02507267441860465 0.017578125 0.0501453488372093 0.0361328125
0 0.021075581395348836 0.01708984375 0.04215116279069767 0.033203125
0 0.019258720930232558 0.017578125 0.038517441860465115 0.033203125
