0 0.37362637362637363 0.06494140625 0.7472527472527473 0.1240234375
2 0.046153846153846156 0.01904296875 0.09230769230769231 0.0419921875
2 0.03882783882783883 0.0234375 0.07765567765567766 0.046875
2 0.04468864468864469 0.01220703125 0.08937728937728938 0.0244140625
0 0.04395604395604396 0.00830078125 0.08791208791208792 0.013671875
5 0.04322344322344322 0.00439453125 0.08644688644688645 0.01171875
2 0.044322344322344324 0.01123046875 0.08864468864468865 0.0205078125
0 0.045054945054945054 0.009765625 0.09010989010989011 0.021484375
2 0.08754578754578754 0.02587890625 0.17509157509157508 0.052734375
2 0.04687620072235456 0.019804414335664322 0.09375240144470912 0.03687718531468531
2 0.02783882783882784 0.0263671875 0.05567765567765568 0.0498046875
2 0.06886446886446887 0.03125 0.13772893772893774 0.0576171875
