2 0.029296875 0.013471901462663588 0.05859375 0.02771362586605081
2 0.10009765625 0.04387990762124711 0.2001953125 0.10931485758275597
2 0.013671875 0.01424172440338722 0.02734375 0.03002309468822171
0 0.18798828125 0.025789068514241724 0.3759765625 0.050808314087759814
2 0.06591796875 0.049653579676674366 0.1318359375 0.09853733641262509
2 0.1015625 0.049268668206312545 0.203125 0.09083910700538876
2 0.02001953125 0.013856812933025405 0.0400390625 0.02771362586605081
0 0.1474609375 0.03002309468822171 0.294921875 0.057736720554272515
0 0.044921875 0.009237875288683603 0.08984375 0.018475750577367205
2 0.04150390625 0.03002309468822171 0.0830078125 0.059276366435719784
6 0.021774704391891886 0.060337473732392906 0.04354940878378377 0.16436760085720822
