0 0.040293040293040296 0.017578125 0.08058608058608059 0.033203125
0 0.3516483516483517 0.04150390625 0.7032967032967034 0.1103515625
5 0.011721611721611722 0.00830078125 0.023443223443223443 0.0166015625
6 0.010622710622710623 0.0107421875 0.021245421245421246 0.0224609375
6 0.01098901098901099 0.0107421875 0.02197802197802198 0.021484375
6 0.030036630036630037 0.01904296875 0.060073260073260075 0.0380859375
5 0.02564102564102564 0.00634765625 0.05128205128205128 0.0126953125
5 0.01391941391941392 0.00439453125 0.02783882783882784 0.0078125
5 0.011721611721611722 0.0029296875 0.023443223443223443 0.005859375
6 0.014285714285714285 0.02099609375 0.02857142857142857 0.0419921875
5 0.01282051282051282 0.00390625 0.02564102564102564 0.0087890625
5 0.010622710622710623 0.001953125 0.021245421245421246 0.0048828125
6 0.014285714285714285 0.0234375 0.02857142857142857 0.0458984375
2 0.01684981684981685 0.00390625 0.0336996336996337 0.02734375
2 0.009157509157509158 0.005859375 0.018315018315018316 0.0087890625
2 0.007326007326007326 0.0224609375 0.014652014652014652 0.056640625
0 0.008424908424908424 0.08837890625 0.01684981684981685 0.1787109375
5 0.011721611721611722 0.00732421875 0.023443223443223443 0.015625
