0 0.0966796875 0.02490842490842491 0.193359375 0.04908424908424908
0 0.1220703125 0.028205128205128206 0.244140625 0.054212454212454214
0 0.115234375 0.26666666666666666 0.23046875 0.5318681318681319
2 0.33251953125 0.05457875457875458 0.6650390625 0.10329670329670329
0 0.11689650410353536 0.26998926998927 0.23379300820707072 0.5384615384615384
0 0.2705078125 0.05824175824175824 0.541015625 0.11941391941391942
6 0.03076171875 0.04542124542124542 0.0615234375 0.08864468864468865
5 0.01220703125 0.0032967032967032967 0.0244140625 0.007326007326007326
6 0.009765625 0.005494505494505495 0.01953125 0.01098901098901099
6 0.00634765625 0.008791208791208791 0.0126953125 0.01684981684981685
5 0.00927734375 0.00402930402930403 0.0185546875 0.00805860805860806
5 0.01025390625 0.003663003663003663 0.0205078125 0.006593406593406593
6 0.009765625 0.00402930402930403 0.01953125 0.009523809523809525
6 0.00927734375 0.0032967032967032967 0.0185546875 0.005860805860805861
6 0.009765625 0.00402930402930403 0.01953125 0.00805860805860806
6 0.001953125 0.007326007326007326 0.00390625 0.01391941391941392
5 0.00830078125 0.00402930402930403 0.0166015625 0.008791208791208791
5 0.00830078125 0.004761904761904762 0.0166015625 0.010256410256410256
