6 0.04052734375 0.004915102770330653 0.0810546875 0.02680965147453083
5 0.03759765625 0.006255585344057194 0.0751953125 0.01161751563896336
6 0.099609375 0.03842716711349419 0.19921875 0.08042895442359249
6 0.05224609375 0.06613047363717604 0.1044921875 0.12064343163538874
0 0.26513671875 0.0835567470956211 0.5302734375 0.16979445933869527
5 0.13349184782608695 0.008094701532165103 0.2669836956521739 0.01519213583556747
0 0.06396484375 0.014298480786416443 0.1279296875 0.029490616621983913
0 0.06298828125 0.022341376228775692 0.1259765625 0.045576407506702415
3 0.20947265625 0.03663985701519214 0.4189453125 0.0777479892761394
3 0.236328125 0.04155495978552279 0.47265625 0.07059874888293119
2 0.02490234375 0.01161751563896336 0.0498046875 0.024128686327077747
5 0.05419921875 0.030831099195710455 0.1083984375 0.06255585344057193
2 0.15283203125 0.03485254691689008 0.3056640625 0.07953529937444147
2 0.0703125 0.025915996425379804 0.140625 0.08221626452189455
0 0.048828125 0.01519213583556747 0.09765625 0.028596961572832886
