2 0.005494505494505495 0.04736328125 0.01098901098901099 0.095703125
0 0.063003663003663 0.01513671875 0.126007326007326 0.0341796875
0 0.045054945054945054 0.2669888200431035 0.09010989010989011 0.5244140625
2 0.04749414059758892 0.012644800646551713 0.09498828119517784 0.02213541666666674
0 0.017216117216117217 0.11767578125 0.034432234432234435 0.2353515625
0 0.006593406593406593 0.03564453125 0.013186813186813187 0.072265625
2 0.0062271062271062275 0.0234375 0.012454212454212455 0.044921875
5 0.029304029304029304 0.01025390625 0.05860805860805861 0.029296875
0 0.05824175824175824 0.0146484375 0.11648351648351649 0.0302734375
5 0.013186813186813187 0.00537109375 0.026373626373626374 0.01171875
2 0.007326007326007326 0.0048828125 0.014652014652014652 0.0185546875
0 0.00695970695970696 0.03369140625 0.01391941391941392 0.0693359375
2 0.01098901098901099 0.013671875 0.02197802197802198 0.0263671875
2 0.04945054945054945 0.01318359375 0.0989010989010989 0.0263671875
2 0.026373626373626374 0.013671875 0.05274725274725275 0.0263671875
2 0.011721611721611722 0.009765625 0.023443223443223443 0.0166015625
0 0.17399267399267399 0.04736328125 0.34798534798534797 0.09375
