5 0.00402930402930403 0.00830078125 0.00805860805860806 0.0166015625
2 0.00402930402930403 0.0068359375 0.00805860805860806 0.013671875
2 0.11428571428571428 0.0302734375 0.22857142857142856 0.05859375
2 0.004395604395604396 0.00732421875 0.008791208791208791 0.0146484375
2 0.08901098901098901 0.0302734375 0.17802197802197803 0.0576171875
2 0.023443223443223443 0.013671875 0.046886446886446886 0.02734375
2 0.030036630036630037 0.0498046875 0.060073260073260075 0.095703125
0 0.16263736263736264 0.01708984375 0.3252747252747253 0.037109375
2 0.008424908424908424 0.00830078125 0.01684981684981685 0.0166015625
5 0.01098901098901099 0.00634765625 0.02197802197802198 0.0146484375
