0 0.00927734375 0.04322344322344322 0.0185546875 0.08717948717948718
0 0.009765625 0.021245421245421246 0.01953125 0.04249084249084249
5 0.013671875 0.002564102564102564 0.02734375 0.005860805860805861
5 0.01171875 0.0014652014652014652 0.0234375 0.003663003663003663
5 0.030037286097434612 0.004039402535643157 0.060074572194869225 0.007284382284382322
4 0.0185546875 0.01391941391941392 0.037109375 0.02783882783882784
5 0.00244140625 0.023076923076923078 0.0048828125 0.046153846153846156
0 0.01318359375 0.01978021978021978 0.0263671875 0.0380952380952381
5 0.00732421875 0.002197802197802198 0.0146484375 0.003663003663003663
2 0.01611328125 0.00402930402930403 0.0322265625 0.006593406593406593
5 0.01171875 0.00402930402930403 0.0234375 0.00805860805860806
0 0.26708984375 0.05641025641025641 0.5341796875 0.11794871794871795
2 0.25634765625 0.05274725274725275 0.5126953125 0.1010989010989011
2 0.24169921875 0.008424908424908424 0.4833984375 0.01611721611721612
0 0.12646484375 0.015384615384615385 0.2529296875 0.0315018315018315
0 0.23876953125 0.057509157509157506 0.4775390625 0.11282051282051282
0 0.2723524305555556 0.05378219663933951 0.5447048611111112 0.10989010989010989
0 0.26806640625 0.031135531135531136 0.5361328125 0.05860805860805861
6 0.007275713990066268 0.0224389297236979 0.014551427980132536 0.0451204424714359
6 0.003557015728476831 0.021104723091478043 0.007114031456953662 0.04220944618295617
5 0.0031786844484629206 0.04027316866376542 0.006357368896925841 0.08028138227053233
5 0.012036064425770321 0.005130257231097601 0.024072128851540642 0.009439673305219552
