0 0.146484375 0.01611721611721612 0.29296875 0.035897435897435895
0 0.146484375 0.017282717282717262 0.29296875 0.0336996336996337
0 0.14599609375 0.016483516483516484 0.2919921875 0.035897435897435895
0 0.03857421875 0.011721611721611722 0.0771484375 0.02783882783882784
0 0.060546875 0.012124212124212117 0.12109375 0.01978021978021978
0 0.0947265625 0.01575091575091575 0.189453125 0.029304029304029304
0 0.1591796875 0.023942723942723905 0.318359375 0.04981684981684982
0 0.14501953125 0.01591741591741589 0.2900390625 0.03663003663003663
0 0.14404296875 0.015306915306915294 0.2880859375 0.035897435897435895
3 0.18408203125 0.011043277709944337 0.3681640625 0.023443223443223443
3 0.14993297393911442 0.01189462444074993 0.29986594787822884 0.01684981684981685
0 0.142578125 0.015384615384615385 0.28515625 0.035164835164835165
0 0.140625 0.01575091575091575 0.28125 0.030036630036630037
0 0.14013671875 0.01575091575091575 0.2802734375 0.03663003663003663
2 0.01904296875 0.004761904761904762 0.0380859375 0.009523809523809525
0 0.12841796875 0.023809523809523808 0.2568359375 0.05128205128205128
