0 0.07958984375 0.01246983105390185 0.1591796875 0.02574416733708769
0 0.111328125 0.05108608205953339 0.22265625 0.09412711182622686
0 0.09130859375 0.047868061142397424 0.1826171875 0.08447304907481899
2 0.0244140625 0.011263073209975865 0.048828125 0.029766693483507644
0 0.0595703125 0.01729686242960579 0.119140625 0.03298471440064361
2 0.01318359375 0.007240547063555913 0.0263671875 0.013676588897827836
0 0.08544921875 0.022123893805309734 0.1708984375 0.04344328238133548
0 0.09326171875 0.02815768302493966 0.1865234375 0.06838294448913917
0 0.0810546875 0.031375703942075624 0.162109375 0.058728881737731296
0 0.07080078125 0.030571198712791632 0.1416015625 0.054706355591311345
6 0.005859375 0.011263073209975865 0.01171875 0.019308125502815767
5 0.01953125 0.004424778761061947 0.0390625 0.017699115044247787
5 0.02392578125 0.006838294448913918 0.0478515625 0.016894609814963796
5 0.00537109375 0.003218020917135961 0.0107421875 0.006436041834271922
3 0.08013204562883436 0.0047505293446983956 0.16026409125766872 0.01228474549501755
0 0.078125 0.0418342719227675 0.15625 0.07803700724054706
2 0.16259765625 0.023732904263877714 0.3251953125 0.04344328238133548
2 0.16064453125 0.023732904263877714 0.3212890625 0.0418342719227675
2 0.03857421875 0.01086082059533387 0.0771484375 0.02091713596138375
5 0.0087890625 0.003218020917135961 0.017578125 0.006436041834271922
