2 0.07275390625 0.015018315018315019 0.1455078125 0.03076923076923077
0 0.025390625 0.11721611721611722 0.05078125 0.23736263736263735
2 0.0146484375 0.04798534798534799 0.029296875 0.09816849816849817
2 0.056640625 0.04908424908424908 0.11328125 0.11135531135531136
6 0.00537109375 0.004395604395604396 0.0107421875 0.008791208791208791
2 0.0146484375 0.05054945054945055 0.029296875 0.0989010989010989
0 0.02685546875 0.00695970695970696 0.0537109375 0.014652014652014652
0 0.033203125 0.010622710622710623 0.06640625 0.02197802197802198
5 0.01513671875 0.02161172161172161 0.0302734375 0.04468864468864469
5 0.021484375 0.03223443223443224 0.04296875 0.060073260073260075
5 0.0224609375 0.02600732600732601 0.044921875 0.046153846153846156
6 0.015625 0.008791208791208791 0.03125 0.0
