6 0.005494505494505495 0.02197265625 0.01098901098901099 0.044921875
0 0.005494505494505495 0.01611328125 0.01098901098901099 0.0322265625
5 0.02197802197802198 0.00634765625 0.04395604395604396 0.0126953125
0 0.23076923076923078 0.09912109375 0.46153846153846156 0.1982421875
0 0.041025641025641026 0.02880859375 0.08205128205128205 0.0595703125
0 0.06373626373626373 0.029296875 0.12747252747252746 0.056640625
6 0.04065934065934066 0.01171875 0.08131868131868132 0.0390625
5 0.007692307692307693 0.00439453125 0.015384615384615385 0.0078125
0 0.04468864468864469 0.03271484375 0.08937728937728938 0.0625
0 0.04322344322344322 0.03076171875 0.08644688644688645 0.060546875
2 0.016483516483516484 0.01220703125 0.03296703296703297 0.0244140625
