5 0.01318359375 0.0014652014652014652 0.0263671875 0.0029304029304029304
0 0.013671875 0.007326007326007326 0.02734375 0.014652014652014652
5 0.01318359375 0.007326007326007326 0.0263671875 0.014652014652014652
0 0.38134765625 0.07692307692307693 0.7626953125 0.13626373626373625
5 0.0224609375 0.002564102564102564 0.044921875 0.005128205128205128
5 0.021484375 0.003663003663003663 0.04296875 0.005860805860805861
5 0.017578125 0.004395604395604396 0.03515625 0.008791208791208791
4 0.0107421875 0.007692307692307693 0.021484375 0.015384615384615385
5 0.01025390625 0.0014652014652014652 0.0205078125 0.002197802197802198
6 0.025390625 0.012454212454212455 0.05078125 0.02564102564102564
6 0.03076171875 0.015384615384615385 0.0615234375 0.030036630036630037
5 0.00927734375 0.001098901098901099 0.0185546875 0.0014652014652014652
5 0.01611328125 0.0018315018315018315 0.0322265625 0.002197802197802198
5 0.01025390625 0.0018315018315018315 0.0205078125 0.003663003663003663
5 0.01025390625 0.002197802197802198 0.0205078125 0.004395604395604396
5 0.0087890625 0.0029304029304029304 0.017578125 0.005128205128205128
2 0.009765625 0.002564102564102564 0.01953125 0.005128205128205128
