3 0.13750048106527096 0.010256410256410256 0.2750009621305419 0.019487901261300233
6 0.01220703125 0.007692307692307693 0.0244140625 0.01611721611721612
6 0.01171875 0.007692307692307693 0.0234375 0.01611721611721612
0 0.14013671875 0.04786445082011579 0.2802734375 0.09773904256662867
0 0.1390278633004926 0.0452913260795034 0.2780557266009852 0.09527418394413471
6 0.02197265625 0.004761904761904762 0.0439453125 0.008791208791208791
3 0.13632908713054182 0.008841732979664025 0.27265817426108363 0.01904761904761905
0 0.0654296875 0.013186813186813187 0.130859375 0.027106227106227107
0 0.06494140625 0.01391941391941392 0.1298828125 0.02783882783882784
0 0.103515625 0.046153846153846156 0.20703125 0.1010989010989011
6 0.009765625 0.014652014652014652 0.01953125 0.02857142857142857
3 0.16236433959359603 0.014435482415777957 0.32472867918719206 0.0315018315018315
