2 0.0087890625 0.030036630036630037 0.017578125 0.041758241758241756
0 0.00732421875 0.003663003663003663 0.0146484375 0.00805860805860806
5 0.00439453125 0.00402930402930403 0.0087890625 0.007326007326007326
0 0.0068359375 0.0032967032967032967 0.013671875 0.006593406593406593
5 0.02392578125 0.008791208791208791 0.0478515625 0.01611721611721612
5 0.0224609375 0.006593406593406593 0.044921875 0.020512820512820513
0 0.048828125 0.012454212454212455 0.09765625 0.02783882783882784
0 0.134765625 0.056776556776556776 0.26953125 0.11501831501831501
0 0.0361328125 0.056776556776556776 0.072265625 0.11355311355311355
0 0.12646484375 0.05567765567765568 0.2529296875 0.11135531135531136
