5 0.00244140625 0.00989010989010989 0.0048828125 0.01904761904761905
0 0.10205078125 0.02857142857142857 0.2041015625 0.05347985347985348
4 0.01806640625 0.017216117216117217 0.0361328125 0.034432234432234435
3 0.22868424010791366 0.011331594065407048 0.4573684802158273 0.026373626373626374
2 0.13525390625 0.01098901098901099 0.2705078125 0.020512820512820513
4 0.01513671875 0.01098901098901099 0.0302734375 0.023443223443223443
4 0.01171875 0.011355311355311355 0.0234375 0.02271062271062271
4 0.01513671875 0.01098901098901099 0.0302734375 0.021245421245421246
0 0.1953125 0.027472527472527472 0.390625 0.05274725274725275
2 0.0068359375 0.007326007326007326 0.013671875 0.01391941391941392
0 0.04248046875 0.022344322344322345 0.0849609375 0.041758241758241756
0 0.0234375 0.01098901098901099 0.046875 0.02197802197802198
5 0.02001953125 0.005494505494505495 0.0400390625 0.011721611721611722
5 0.015625 0.00402930402930403 0.03125 0.00805860805860806
5 0.0185546875 0.003663003663003663 0.037109375 0.007326007326007326
6 0.00634765625 0.011721611721611722 0.0126953125 0.024175824175824177
6 0.005859375 0.014652014652014652 0.01171875 0.024175824175824177
5 0.00341796875 0.004395604395604396 0.0068359375 0.00805860805860806
0 0.24755859375 0.054945054945054944 0.4951171875 0.12234432234432234
2 0.005859375 0.005860805860805861 0.01171875 0.010256410256410256
5 0.02880859375 0.005860805860805861 0.0576171875 0.011721611721611722
5 0.0029296875 0.010256410256410256 0.005859375 0.01978021978021978
5 0.00390625 0.007692307692307693 0.0078125 0.014652014652014652
5 0.00537109375 0.002197802197802198 0.0107421875 0.005128205128205128
5 0.01220703125 0.002197802197802198 0.0244140625 0.004395604395604396
5 0.021484375 0.0032967032967032967 0.04296875 0.005860805860805861
