0 0.06298828125 0.02564102564102564 0.1259765625 0.05274725274725275
0 0.06396484375 0.02600732600732601 0.1279296875 0.04981684981684982
0 0.1533203125 0.02564102564102564 0.306640625 0.05274725274725275
2 0.0517578125 0.009523809523809525 0.103515625 0.018315018315018316
2 0.0341796875 0.010256410256410256 0.068359375 0.017582417582417582
2 0.0458984375 0.007692307692307693 0.091796875 0.017582417582417582
0 0.056640625 0.02893772893772894 0.11328125 0.05641025641025641
0 0.06494140625 0.027472527472527472 0.1298828125 0.05128205128205128
0 0.45556640625 0.07802197802197802 0.9111328125 0.16336996336996337
0 0.2197265625 0.05531135531135531 0.439453125 0.1282051282051282
2 0.134765625 0.017948717948717947 0.26953125 0.0336996336996337
0 0.125 0.020512820512820513 0.25 0.046886446886446886
