5 0.0029296875 0.002565982404692082 0.005859375 0.004398826979472141
5 0.0048828125 0.002565982404692082 0.009765625 0.005131964809384164
5 0.01513671875 0.004032258064516129 0.0302734375 0.008064516129032258
0 0.052734375 0.02309384164222874 0.10546875 0.03592375366568915
0 0.0146484375 0.009897360703812317 0.029296875 0.015395894428152493
0 0.015625 0.009530791788856305 0.03125 0.019794721407624633
0 0.01416015625 0.008797653958944282 0.0283203125 0.016129032258064516
0 0.0576171875 0.017961876832844576 0.115234375 0.0344574780058651
0 0.0087890625 0.02126099706744868 0.017578125 0.04032258064516129
0 0.01220703125 0.015395894428152493 0.0244140625 0.030058651026392963
0 0.01123046875 0.015029325513196481 0.0224609375 0.02932551319648094
0 0.01171875 0.015395894428152493 0.0234375 0.030791788856304986
0 0.01171875 0.015395894428152493 0.0234375 0.030058651026392963
0 0.0234375 0.026759530791788857 0.046875 0.05278592375366569
0 0.02392578125 0.050219941348973604 0.0478515625 0.10043988269794721
0 0.025390625 0.01466275659824047 0.05078125 0.03372434017595308
5 0.015625 0.004032258064516129 0.03125 0.008797653958944282
0 0.02978515625 0.15505865102639296 0.0595703125 0.3218475073313783
0 0.03564453125 0.08541055718475073 0.0712890625 0.17008797653958943
0 0.01416015625 0.07624633431085044 0.0283203125 0.1532258064516129
3 0.01611328125 0.07881231671554252 0.0322265625 0.15835777126099707
0 0.013671875 0.005498533724340176 0.02734375 0.011730205278592375
2 0.00927734375 0.010263929618768328 0.0185546875 0.019794721407624633
0 0.021484375 0.062316715542521994 0.04296875 0.12243401759530792
0 0.02001953125 0.06048387096774194 0.0400390625 0.11730205278592376
0 0.01904296875 0.05865102639296188 0.0380859375 0.11656891495601172
0 0.01513671875 0.03372434017595308 0.0302734375 0.06744868035190615
0 0.01513671875 0.03372434017595308 0.0302734375 0.06744868035190615
0 0.01416015625 0.03409090909090909 0.0283203125 0.07038123167155426
0 0.0166015625 0.03519061583577713 0.033203125 0.0718475073313783
2 0.0126953125 0.005498533724340176 0.025390625 0.013196480938416423
2 0.01513671875 0.006231671554252199 0.0302734375 0.012463343108504398
0 0.03515625 0.005865102639296188 0.0703125 0.012463343108504398
0 0.0322265625 0.0186950146627566 0.064453125 0.03592375366568915
0 0.01416015625 0.008797653958944282 0.0283203125 0.017595307917888565
0 0.02197265625 0.005865102639296188 0.0439453125 0.010997067448680353
6 0.012117928832116764 0.01699060299248665 0.02423585766423353 0.03317850033178507
5 0.0048828125 0.002565982404692082 0.009765625 0.005131964809384164
5 0.0029296875 0.003644621970539624 0.005859375 0.004398826979472141
