6 0.011398176291793313 0.00927734375 0.022796352583586626 0.0185546875
6 0.010258358662613981 0.00830078125 0.020516717325227963 0.0166015625
2 0.022036474164133738 0.01904296875 0.044072948328267476 0.0400390625
2 0.05965045592705167 0.01513671875 0.11930091185410334 0.02734375
2 0.0398936170212766 0.0400390625 0.0797872340425532 0.09667968750000006
2 0.02735562310030395 0.015625 0.0547112462006079 0.03515625
0 0.0702887537993921 0.0498046875 0.1405775075987842 0.0966796875
0 0.25835866261398177 0.0341796875 0.5167173252279635 0.0673828125
2 0.11170212765957446 0.0146484375 0.22340425531914893 0.029296875
2 0.023936170212765957 0.01416015625 0.047872340425531915 0.0302734375
2 0.030395136778115502 0.0126953125 0.060790273556231005 0.0283203125
0 0.4787234042553192 0.12744140625 0.9574468085106383 0.17578125
5 0.02013677811550152 0.013671875 0.04027355623100304 0.0263671875
6 0.0056990881458966565 0.00537109375 0.011398176291793313 0.009765625
0 0.005319148936170213 0.0048828125 0.010638297872340425 0.0087890625
