2 0.023335488041370388 0.07763671875 0.046670976082740775 0.17922794117647056
2 0.011721611721611722 0.01123046875 0.023443223443223443 0.0224609375
2 0.020512820512820513 0.009765625 0.041025641025641026 0.017578125
0 0.009523809523809525 0.0146484375 0.01904761904761905 0.03125
0 0.01098901098901099 0.013671875 0.02197802197802198 0.0302734375
0 0.41135531135531134 0.0693359375 0.8227106227106227 0.1318359375
2 0.03076923076923077 0.0537109375 0.06153846153846154 0.10546875
3 0.03566670577346734 0.011642293149466187 0.07133341154693468 0.0224609375
0 0.02857142857142857 0.0107421875 0.05714285714285714 0.0205078125
0 0.0347985347985348 0.01611328125 0.0695970695970696 0.029296875
2 0.015384615384615385 0.01123046875 0.03076923076923077 0.0224609375
0 0.041025641025641026 0.013671875 0.08205128205128205 0.02734375
0 0.0347985347985348 0.0166015625 0.0695970695970696 0.0283203125
0 0.04249084249084249 0.015625 0.08498168498168499 0.0302734375
2 0.13406593406593406 0.0234375 0.2681318681318681 0.044921875
0 0.00989010989010989 0.0048828125 0.01978021978021978 0.009765625
0 0.017216117216117217 0.01025390625 0.034432234432234435 0.021484375
0 0.019413919413919414 0.009765625 0.03882783882783883 0.017578125
0 0.016483516483516484 0.009765625 0.03296703296703297 0.017578125
0 0.020146520146520148 0.0107421875 0.040293040293040296 0.0185546875
3 0.013007681973199197 0.008112509796238287 0.026015363946398393 0.017578125
5 0.009157509157509158 0.005859375 0.018315018315018316 0.0126953125
4 0.005860805860805861 0.00927734375 0.011721611721611722 0.0185546875
4 0.005494505494505495 0.0087890625 0.01098901098901099 0.017578125
3 0.01391941391941392 0.0068359375 0.02783882783882784 0.013671875
3 0.03715146063900512 0.014075011120996461 0.07430292127801023 0.028605288033807907
3 0.04315367172510027 0.014880952380952384 0.08630734345020054 0.02734375
3 0.048331298331298296 0.012885199652777735 0.09666259666259659 0.02511935763888884
2 0.017582417582417582 0.0126953125 0.035164835164835165 0.02734375
3 0.01904408560357115 0.009734224276527315 0.0380881712071423 0.0185546875
3 0.019515211476626285 0.008792202572347252 0.03903042295325257 0.0185546875
3 0.018774689362924656 0.00813802083333337 0.03754937872584931 0.0185546875
3 0.018408388996624288 0.008616727941176516 0.036816777993248576 0.0185546875
3 0.02072296893014022 0.01050485557768921 0.04144593786028044 0.01828623007968122
3 0.019323438845351166 0.008364977589641387 0.03864687769070233 0.0185546875
2 0.00805860805860806 0.0087890625 0.01611721611721612 0.017578125
2 0.007326007326007326 0.0087890625 0.014652014652014652 0.0185546875
5 0.0353264766076154 0.0147700733985765 0.0706529532152308 0.029192615658362953
5 0.035326476607615405 0.0147700733985765 0.07065295321523081 0.029192615658362953
3 0.03566670577346734 0.011642293149466187 0.07133341154693468 0.0224609375
3 0.03886042782839937 0.01251112099644125 0.07772085565679875 0.025348921263345203
5 0.017902783176095085 0.010676245980707433 0.03580556635219017 0.022922528135048248
5 0.017902783176095085 0.010048231511254002 0.03580556635219017 0.019154441318327997
5 0.016190705845878298 0.009949304467084641 0.032381411691756595 0.019592476489028177
5 0.016190705845878298 0.009949304467084641 0.032381411691756595 0.019592476489028177
