0 0.04443359375 0.017216117216117217 0.0888671875 0.035897435897435895
0 0.044921875 0.018315018315018316 0.08984375 0.0380952380952381
2 0.18505859375 0.025274725274725275 0.3701171875 0.08205128205128205
2 0.0556640625 0.04249084249084249 0.111328125 0.07179487179487179
2 0.1162109375 0.017582417582417582 0.232421875 0.0380952380952381
2 0.044921875 0.012087912087912088 0.08984375 0.024175824175824177
2 0.03564453125 0.013553113553113554 0.0712890625 0.027106227106227107
2 0.06494140625 0.014285714285714285 0.1298828125 0.02857142857142857
2 0.18212890625 0.020146520146520148 0.3642578125 0.040293040293040296
2 0.03466796875 0.017582417582417582 0.0693359375 0.035164835164835165
0 0.09375 0.01904761904761905 0.1875 0.0380952380952381
0 0.0458984375 0.017948717948717947 0.091796875 0.03663003663003663
