2 0.14208984375 0.05641025641025641 0.2841796875 0.10842490842490843
0 0.298828125 0.05347985347985348 0.59765625 0.11648351648351649
0 0.103515625 0.017948717948717947 0.20703125 0.03956043956043956
0 0.1044921875 0.019413919413919414 0.208984375 0.034432234432234435
0 0.10302734375 0.019413919413919414 0.2060546875 0.04249084249084249
0 0.10791015625 0.02161172161172161 0.2158203125 0.04249084249084249
0 0.2968749999999999 0.03223443223443224 0.5937499999999998 0.06153846153846154
6 0.00732421875 0.003663003663003663 0.0146484375 0.007326007326007326
6 0.012877747252747263 0.045083122006198934 0.025755494505494525 0.07487018476029463
6 0.013096511743630579 0.013805090875154576 0.026193023487261158 0.033596976272135606
