0 0.07763671874999997 0.011150758251561105 0.15527343749999994 0.025869759143621766
2 0.06591796875 0.030776092774308653 0.1318359375 0.049955396966993755
2 0.07861328125 0.013380909901873328 0.1572265625 0.02408563782337199
2 0.09033203125 0.013826940231935772 0.1806640625 0.024977698483496878
6 0.00634765625 0.02007136485280999 0.0126953125 0.05084745762711865
5 0.00341796875 0.0231935771632471 0.0068359375 0.04817127564674398
6 0.01416015625 0.01159678858162355 0.0283203125 0.027653880463871544
6 0.0048828125 0.0 0.009765625 0.020517395182872437
6 0.00732421875 0.04460303300624442 0.0146484375 0.06512042818911686
6 0.01220703125 0.014272970561998216 0.0244140625 0.030330062444246207
6 0.00634765625 0.0031222123104371097 0.0126953125 0.006244424620874219
0 0.10595703125 0.013380909901873328 0.2119140625 0.027653880463871544
0 0.2021484375 0.04460303300624442 0.404296875 0.09009812667261374
