5 0.00439453125 0.002564102564102564 0.0087890625 0.005128205128205128
6 0.01904296875 0.0032967032967032967 0.0380859375 0.005860805860805861
6 0.00732421875 0.00695970695970696 0.0146484375 0.013186813186813187
2 0.01123046875 0.0032967032967032967 0.0224609375 0.005860805860805861
0 0.01171875 0.004761904761904762 0.0234375 0.011721611721611722
5 0.0029296875 0.015384615384615385 0.005859375 0.030036630036630037
5 0.009765625 0.0029304029304029304 0.01953125 0.005860805860805861
2 0.03125 0.004395604395604396 0.0625 0.008791208791208791
0 0.02001953125 0.0062271062271062275 0.0400390625 0.012454212454212455
0 0.0244140625 0.011355311355311355 0.048828125 0.024175824175824177
0 0.09521484375 0.20476190476190476 0.1904296875 0.40073260073260075
0 0.0244140625 0.14249084249084248 0.048828125 0.2835164835164835
