5 0.0068359375 0.010256410256410256 0.013671875 0.024175824175824177
5 0.009765625 0.014652014652014652 0.01953125 0.03076923076923077
5 0.0087890625 0.0029304029304029304 0.017578125 0.006593406593406593
5 0.00830078125 0.0029304029304029304 0.0166015625 0.006593406593406593
5 0.01025390625 0.002564102564102564 0.0205078125 0.007326007326007326
5 0.00927734375 0.002564102564102564 0.0185546875 0.006593406593406593
0 0.03173828125 0.0967032967032967 0.0634765625 0.1978021978021978
0 0.310546875 0.07655677655677656 0.62109375 0.1706959706959707
5 0.06982421875 0.009523809523809525 0.1396484375 0.02197802197802198
2 0.01513671875 0.009157509157509158 0.0302734375 0.01611721611721612
5 0.0439453125 0.00989010989010989 0.087890625 0.01904761904761905
