0 0.0224609375 0.019413919413919414 0.044921875 0.03882783882783883
0 0.0947265625 0.013186813186813187 0.189453125 0.02564102564102564
0 0.09521484375 0.01282051282051282 0.1904296875 0.026373626373626374
0 0.09130859375 0.014652014652014652 0.1826171875 0.029304029304029304
0 0.0224609375 0.019413919413919414 0.044921875 0.03882783882783883
0 0.01904296875 0.01904761904761905 0.0380859375 0.03956043956043956
0 0.03076171875 0.15054945054945054 0.0615234375 0.3010989010989011
0 0.07540545886075947 0.11197663096397271 0.15081091772151894 0.2211712338294617
2 0.06162232990506328 0.008114248620577738 0.12324465981012656 0.01978021978021978
2 0.0478515625 0.005494505494505495 0.095703125 0.01098901098901099
0 0.0224609375 0.019413919413919414 0.044921875 0.03882783882783883
0 0.0224609375 0.019413919413919414 0.044921875 0.03882783882783883
0 0.0224609375 0.019413919413919414 0.044921875 0.03882783882783883
2 0.091796875 0.014285714285714285 0.18359375 0.026819557254339755
0 0.07666015625 0.013186813186813187 0.1533203125 0.026373626373626374
