5 0.01171875 0.002564102564102564 0.0234375 0.005128205128205128
5 0.01123046875 0.0018315018315018315 0.0224609375 0.004395604395604396
0 0.0087890625 0.02564102564102564 0.017578125 0.05128205128205128
0 0.11279296875 0.03736263736263736 0.2255859375 0.07692307692307693
4 0.01611328125 0.00805860805860806 0.0322265625 0.015384615384615385
4 0.015625 0.008424908424908424 0.03125 0.01904761904761905
4 0.01611328125 0.00805860805860806 0.0322265625 0.01684981684981685
4 0.0166015625 0.00805860805860806 0.033203125 0.01684981684981685
5 0.02294921875 0.003663003663003663 0.0458984375 0.006593406593406593
6 0.04736328125 0.02490842490842491 0.0947265625 0.04835164835164835
0 0.1376953125 0.18461538461538463 0.275390625 0.37142857142857144
