5 0.00695970695970696 0.00439453125 0.01391941391941392 0.009765625
5 0.007692307692307693 0.00537109375 0.015384615384615385 0.0107421875
0 0.00989010989010989 0.00927734375 0.01978021978021978 0.015625
5 0.016483516483516484 0.0029296875 0.03296703296703297 0.005859375
5 0.004761904761904762 0.00244140625 0.009523809523809525 0.0048828125
6 0.007692307692307693 0.0078125 0.015384615384615385 0.0166015625
4 0.004395604395604396 0.009765625 0.008791208791208791 0.0166015625
2 0.00695970695970696 0.00830078125 0.01391941391941392 0.0166015625
2 0.051648351648351645 0.01025390625 0.10329670329670329 0.017578125
2 0.04835164835164835 0.01171875 0.0967032967032967 0.0234375
2 0.03626373626373627 0.01220703125 0.07252747252747253 0.02734375
0 0.017216117216117217 0.013671875 0.034432234432234435 0.025390625
4 0.012087912087912088 0.0146484375 0.024175824175824177 0.0380859375
0 0.01978021978021978 0.0078125 0.03956043956043956 0.015625
0 0.030036630036630037 0.009765625 0.060073260073260075 0.021484375
0 0.20004631383941732 0.04377693965517243 0.40009262767883463 0.107421875
2 0.016483516483516484 0.00830078125 0.03296703296703297 0.0166015625
5 0.005860805860805861 0.0048828125 0.011721611721611722 0.0107421875
0 0.017582417582417582 0.02392578125 0.035164835164835165 0.044921875
0 0.014652014652014652 0.00732421875 0.029304029304029304 0.015625
5 0.016483516483516484 0.00439453125 0.03296703296703297 0.0087890625
