5 0.0029304029304029304 0.00830078125 0.005860805860805861 0.0146484375
5 0.002564102564102564 0.00732421875 0.005128205128205128 0.0146484375
0 0.07948717948717948 0.07763671875 0.15897435897435896 0.1181640625
0 0.11465201465201465 0.0732421875 0.2293040293040293 0.1494140625
0 0.035897435897435895 0.099609375 0.07179487179487179 0.203125
0 0.03670949441014517 0.039723814016071 0.07341898882029034 0.06694007592190887
2 0.003663003663003663 0.0146484375 0.007326007326007326 0.03125
6 0.012087912087912088 0.0107421875 0.024175824175824177 0.0234375
0 0.020146520146520148 0.01220703125 0.040293040293040296 0.0263671875
6 0.008424908424908424 0.0107421875 0.01684981684981685 0.0234375
6 0.002197802197802198 0.00830078125 0.004395604395604396 0.017578125
5 0.002197802197802198 0.0078125 0.004395604395604396 0.015625
5 0.1113095238095238 0.026509602864583332 0.2226190476190476 0.0263671875
3 0.03639491623836047 0.01513671875 0.07278983247672094 0.02248296461037602
6 0.01282051282051282 0.009765625 0.02564102564102564 0.017578125
6 0.03736263736263736 0.013671875 0.07472527472527472 0.0244140625
4 0.009255976997912481 0.010238155241935498 0.018511953995824962 0.020476310483870885
6 0.005701173016348109 0.03628860651750976 0.011402346032696218 0.06804719090943778
6 0.015163131442201211 0.033771813049041144 0.030326262884402422 0.06403053744387821
6 0.00698393694502644 0.03571862840466927 0.01396787389005288 0.0706772859922179
