0 0.01953125 0.027106227106227107 0.0390625 0.05347985347985348
3 0.044921875 0.1443223443223443 0.08984375 0.2923076923076923
0 0.01708984375 0.02564102564102564 0.0341796875 0.05201465201465202
2 0.025390625 0.11794871794871795 0.05078125 0.2358974358974359
0 0.0908203125 0.31575091575091574 0.181640625 0.6366300366300366
0 0.17957899305555552 0.06349206349206353 0.35915798611111105 0.12779812779812785
6 0.008214077102803752 0.013693471637396884 0.016428154205607504 0.030125637602273127
6 0.008214077102803752 0.013693471637396884 0.016428154205607504 0.030125637602273127
6 0.008214077102803752 0.022642155352435737 0.016428154205607504 0.046653657868611156
6 0.008214077102803752 0.01481633631166345 0.016428154205607504 0.031002019787066497
