5 0.234375 0.03406593406593406 0.46875 0.06446886446886448
2 0.03564453125 0.020146520146520148 0.0712890625 0.041758241758241756
2 0.0146484375 0.005128205128205128 0.029296875 0.009523809523809525
2 0.01513671875 0.005128205128205128 0.0302734375 0.009523809523809525
2 0.00732421875 0.01391941391941392 0.0146484375 0.027106227106227107
2 0.00830078125 0.009157509157509158 0.0166015625 0.017582417582417582
6 0.00830078125 0.012454212454212455 0.0166015625 0.02490842490842491
2 0.03076171875 0.009523809523809525 0.0615234375 0.015384615384615385
2 0.0126953125 0.00402930402930403 0.025390625 0.006593406593406593
3 0.027490234375000006 0.004468864468864486 0.05498046875000001 0.010256410256410256
5 0.00634765625 0.019413919413919414 0.0126953125 0.03736263736263736
0 0.0146484375 0.06364983331275464 0.029296875 0.13217269621763997
6 0.005859375 0.0062271062271062275 0.01171875 0.013186813186813187
5 0.01416015625 0.07106227106227106 0.0283203125 0.14358974358974358
2 0.0732421875 0.013186813186813187 0.146484375 0.024175824175824177
2 0.04833984375 0.014652014652014652 0.0966796875 0.026373626373626374
2 0.044921875 0.015384615384615385 0.08984375 0.030036630036630037
2 0.05419921875 0.01611721611721612 0.1083984375 0.026373626373626374
2 0.0048828125 0.010622710622710623 0.009765625 0.01904761904761905
2 0.00439453125 0.007326007326007326 0.0087890625 0.014652014652014652
5 0.02617187500000001 0.00347985347985348 0.05234375000000002 0.00805860805860806
5 0.02739257812500001 0.0036996336996336665 0.05478515625000002 0.009523809523809525
