2 0.00927734375 0.00402930402930403 0.0185546875 0.009523809523809525
0 0.0068359375 0.013186813186813187 0.013671875 0.02857142857142857
0 0.00732421875 0.027472527472527472 0.0146484375 0.05567765567765568
2 0.015625 0.002197802197802198 0.03125 0.004395604395604396
6 0.015625 0.005128205128205128 0.03125 0.009523809523809525
6 0.009765625 0.00402930402930403 0.01953125 0.006593406593406593
6 0.01171875 0.004395604395604396 0.0234375 0.007326007326007326
6 0.02197265625 0.0062271062271062275 0.0439453125 0.013186813186813187
0 0.0087890625 0.015384615384615385 0.017578125 0.030036630036630037
0 0.00537109375 0.01391941391941392 0.0107421875 0.029304029304029304
0 0.00830078125 0.020512820512820513 0.0166015625 0.04249084249084249
5 0.00732421875 0.023076923076923078 0.0146484375 0.05860805860805861
5 0.00634765625 0.018315018315018316 0.0126953125 0.041025641025641026
5 0.00927734375 0.0029304029304029304 0.0185546875 0.005128205128205128
0 0.01708984375 0.007692307692307693 0.0341796875 0.012454212454212455
3 0.029721467391304324 0.09980357806444762 0.05944293478260865 0.20491585708977014
3 0.025475543478260865 0.09290226681531027 0.05095108695652173 0.1985454159367203
3 0.029721467391304324 0.09290226681531026 0.05944293478260865 0.19642193555237034
3 0.03184442934782611 0.09396400700748525 0.06368885869565222 0.1932367149758454
