2 0.00830078125 0.00695970695970696 0.0166015625 0.013186813186813187
2 0.015625 0.00989010989010989 0.03125 0.01978021978021978
5 0.00439453125 0.009523809523809525 0.0087890625 0.01978021978021978
5 0.021484375 0.003663003663003663 0.04296875 0.007326007326007326
5 0.02734375 0.0032967032967032967 0.0546875 0.007326007326007326
2 0.01025390625 0.00695970695970696 0.0205078125 0.013186813186813187
0 0.17138671875 0.024175824175824177 0.3427734375 0.054212454212454214
5 0.01513671875 0.0032967032967032967 0.0302734375 0.006593406593406593
5 0.01025390625 0.006593406593406593 0.0205078125 0.013186813186813187
5 0.00244140625 0.007692307692307693 0.0048828125 0.015384615384615385
5 0.01513671875 0.0032967032967032967 0.0302734375 0.006593406593406593
5 0.00244140625 0.007692307692307693 0.0048828125 0.015384615384615385
