5 0.01806640625 0.005128205128205128 0.0361328125 0.010256410256410256
5 0.017578125 0.00402930402930403 0.03515625 0.00805860805860806
5 0.017578125 0.005860805860805861 0.03515625 0.011721611721611722
5 0.05322265625 0.004761904761904762 0.1064453125 0.00805860805860806
5 0.03173828125 0.005128205128205128 0.0634765625 0.010256410256410256
5 0.033203125 0.004761904761904762 0.06640625 0.009523809523809525
6 0.03173828125 0.009157509157509158 0.0634765625 0.01611721611721612
5 0.02294921875 0.004761904761904762 0.0458984375 0.005860805860805861
2 0.04736328125 0.019413919413919414 0.0947265625 0.041758241758241756
5 0.0546875 0.004395604395604396 0.109375 0.008791208791208791
0 0.05224609375 0.16483516483516483 0.1044921875 0.3384615384615385
5 0.03466796875 0.00402930402930403 0.0693359375 0.008791208791208791
5 0.0537109375 0.005494505494505495 0.107421875 0.01098901098901099
