2 0.04212454212454213 0.0205078125 0.08424908424908426 0.0546875
2 0.06923076923076923 0.01171875 0.13846153846153847 0.041015625
2 0.060073260073260075 0.0478515625 0.12014652014652015 0.0732421875
2 0.05238095238095238 0.017578125 0.10476190476190476 0.03515625
2 0.04322344322344322 0.01416015625 0.08644688644688645 0.0322265625
4 0.02490842490842491 0.02880859375 0.04981684981684982 0.060546875
0 0.05311355311355311 0.0283203125 0.10622710622710622 0.0615234375
0 0.263003663003663 0.05078125 0.526007326007326 0.1435546875
6 0.0336996336996337 0.03759765625 0.0673992673992674 0.115234375
0 0.08605985209758794 0.04443359375 0.1721197041951759 0.06402933372641509
0 0.009157509157509158 0.0732421875 0.018315018315018316 0.14453125
0 0.12783882783882783 0.099609375 0.25567765567765566 0.2080078125
0 0.20952380952380953 0.07177734375 0.41904761904761906 0.1796875
6 0.046886446886446886 0.08154296875 0.09377289377289377 0.169921875
0 0.1076923076923077 0.03125 0.2153846153846154 0.0703125
3 0.11109232647694185 0.016902043269230782 0.2221846529538837 0.0419921875
