0 0.06591796875 0.23406593406593407 0.1318359375 0.46886446886446886
6 0.01904296875 0.005860805860805861 0.0380859375 0.01098901098901099
6 0.0087890625 0.005128205128205128 0.017578125 0.011721611721611722
5 0.00732421875 0.002564102564102564 0.0146484375 0.005860805860805861
2 0.03076171875 0.00402930402930403 0.0615234375 0.00805860805860806
0 0.00732421875 0.02454212454212454 0.0146484375 0.04908424908424908
0 0.017578125 0.015018315018315019 0.03515625 0.030036630036630037
0 0.01318359375 0.0029304029304029304 0.0263671875 0.005128205128205128
6 0.03125 0.00695970695970696 0.0625 0.01391941391941392
6 0.017578125 0.004395604395604396 0.03515625 0.01098901098901099
5 0.0029296875 0.011355311355311355 0.005859375 0.020512820512820513
0 0.0908203125 0.16886446886446888 0.181640625 0.34065934065934067
0 0.017578125 0.006593406593406593 0.03515625 0.01391941391941392
5 0.00390625 0.00989010989010989 0.0078125 0.020512820512820513
5 0.00390625 0.00989010989010989 0.0078125 0.020512820512820513
5 0.0087890625 0.00805860805860806 0.017578125 0.01391941391941392
5 0.0068359375 0.004761904761904762 0.013671875 0.01098901098901099
4 0.00634765625 0.013186813186813187 0.0126953125 0.02564102564102564
5 0.0068359375 0.007326007326007326 0.013671875 0.014652014652014652
