5 0.005860805860805861 0.00146484375 0.011721611721611722 0.0029296875
6 0.002564102564102564 0.001953125 0.005128205128205128 0.00390625
5 0.0062271062271062275 0.00146484375 0.012454212454212455 0.00390625
6 0.0029304029304029304 0.00244140625 0.005860805860805861 0.0048828125
6 0.004761904761904762 0.00341796875 0.009523809523809525 0.0068359375
2 0.11428571428571428 0.0224609375 0.22857142857142856 0.0439453125
6 0.01098901098901099 0.0048828125 0.02197802197802198 0.0087890625
6 0.004395604395604396 0.00341796875 0.008791208791208791 0.005859375
0 0.20549450549450549 0.02685546875 0.41098901098901097 0.052734375
6 0.0014652014652014652 0.00244140625 0.0029304029304029304 0.0068359375
6 0.004761904761904762 0.0068359375 0.009523809523809525 0.0146484375
6 0.012454212454212455 0.00927734375 0.02490842490842491 0.0185546875
6 0.018315018315018316 0.0126953125 0.03663003663003663 0.025390625
