2 0.019413919413919414 0.00634765625 0.03882783882783883 0.01171875
5 0.013553113553113554 0.00390625 0.027106227106227107 0.0078125
5 0.01098901098901099 0.00341796875 0.02197802197802198 0.0068359375
2 0.03882783882783883 0.02099609375 0.07765567765567766 0.0419921875
0 0.2304029304029304 0.0419921875 0.4608058608058608 0.0908203125
0 0.014652014652014652 0.171875 0.029304029304029304 0.3359375
0 0.04395604395604396 0.0224609375 0.08791208791208792 0.0458984375
0 0.031135531135531136 0.009765625 0.06227106227106227 0.0205078125
2 0.02454212454212454 0.0283203125 0.04908424908424908 0.0595703125
2 0.008424908424908424 0.01904296875 0.01684981684981685 0.0390625
3 0.08791208791208792 0.0087890625 0.17582417582417584 0.017578125
2 0.01868131868131868 0.00634765625 0.03736263736263736 0.0126953125
0 0.021245421245421246 0.00830078125 0.04249084249084249 0.015625
0 0.023443223443223443 0.00927734375 0.046886446886446886 0.0185546875
4 0.00695970695970696 0.01025390625 0.01391941391941392 0.01953125
5 0.020879120879120878 0.0087890625 0.041758241758241756 0.0263671875
0 0.020146520146520148 0.00927734375 0.040293040293040296 0.0185546875
5 0.005128205128205128 0.0048828125 0.010256410256410256 0.0107421875
5 0.011721611721611722 0.0087890625 0.023443223443223443 0.017578125
0 0.01978021978021978 0.005859375 0.03956043956043956 0.01171875
0 0.02454212454212454 0.0048828125 0.04908424908424908 0.0087890625
4 0.004395604395604396 0.0068359375 0.008791208791208791 0.013671875
4 0.00402930402930403 0.005859375 0.00805860805860806 0.01171875
0 0.16703296703296702 0.05078125 0.33406593406593404 0.0849609375
5 0.011721611721611722 0.02490234375 0.023443223443223443 0.0517578125
5 0.02271062271062271 0.00634765625 0.04542124542124542 0.01171875
5 0.011355311355311355 0.00537109375 0.02271062271062271 0.017578125
0 0.0062271062271062275 0.03857421875 0.012454212454212455 0.0771484375
0 0.009523809523809525 0.01123046875 0.01904761904761905 0.0224609375
0 0.017948717948717947 0.009765625 0.035897435897435895 0.01953125
2 0.03626373626373627 0.021484375 0.07252747252747253 0.04296875
5 0.00805860805860806 0.00244140625 0.01611721611721612 0.0048828125
2 0.014302400419537075 0.005613645607375262 0.02860480083907415 0.010379948481561874
