6 0.017578125 0.0003663003663003663 0.03515625 0.0029304029304029304
0 0.12451171875 0.4684981684981685 0.2490234375 0.9421245421245421
5 0.0068359375 0.0062271062271062275 0.013671875 0.011721611721611722
6 0.00634765625 0.027472527472527472 0.0126953125 0.054945054945054944
5 0.01611328125 0.008791208791208791 0.0322265625 0.021245421245421246
5 0.0048828125 0.009523809523809525 0.009765625 0.01904761904761905
5 0.00439453125 0.007692307692307693 0.0087890625 0.015384615384615385
5 0.00244140625 0.005860805860805861 0.0048828125 0.012454212454212455
5 0.01806640625 0.004395604395604396 0.0361328125 0.009523809523809525
6 0.0087890625 0.0029304029304029304 0.017578125 0.00805860805860806
5 0.00341796875 0.023443223443223443 0.0068359375 0.046241818912626395
2 0.0087890625 0.008791208791208791 0.017578125 0.01611721611721612
5 0.005957031249999998 0.0098168498168498 0.011914062499999996 0.019487179487179505
5 0.0059570312499999944 0.018388278388278362 0.011914062499999989 0.0391208791208791
5 0.004492187500000001 0.0184981684981685 0.008984375000000003 0.037582417582417635
6 0.0041473492355605865 0.02119812991840173 0.008294698471121173 0.041898456394492634
6 0.002207225055126792 0.018658298702400156 0.004414450110253584 0.03691273812552749
