0 0.06598240469208211 0.023809523809523808 0.13196480938416422 0.046153846153846156
2 0.09481915933528837 0.017948717948717947 0.18963831867057673 0.035164835164835165
0 0.2702834799608993 0.0673992673992674 0.5405669599217986 0.13772893772893774
2 0.1378299120234604 0.01868131868131868 0.2756598240469208 0.03663003663003663
0 0.06989247311827956 0.020146520146520148 0.13978494623655913 0.05054945054945055
6 0.03389777063034088 0.020678246484698112 0.06779554126068175 0.042538107054236045
6 0.13874436351023234 0.01417936901807871 0.2774887270204647 0.027177123951317435
6 0.042569293349730405 0.01417936901807871 0.08513858669946081 0.03190358029067703
6 0.03626273137199258 0.015951790145338516 0.07252546274398516 0.029540352120997402
6 0.0354744111247754 0.014770176060498618 0.0709488222495508 0.022450667611958006
6 0.033551785632951095 0.01299775493323881 0.06710357126590219 0.027878214974989133
6 0.016291951775822818 0.020481310803891435 0.032583903551645636 0.032297451652290386
