2 0.02587890625 0.045787545787545784 0.0517578125 0.08717948717948718
3 0.14912392436594202 0.012210012210012182 0.29824784873188404 0.03223443223443224
0 0.0390625 0.015777080062794383 0.078125 0.03274027559741842
0 0.04296875 0.017216117216117217 0.0859375 0.0315018315018315
2 0.025390625 0.022344322344322345 0.05078125 0.04835164835164835
2 0.02685546875 0.026373626373626374 0.0537109375 0.047619047619047616
0 0.0654296875 0.2717948717948718 0.130859375 0.545054945054945
2 0.025390625 0.045054945054945054 0.05078125 0.09157509157509157
2 0.0244140625 0.04725274725274725 0.048828125 0.09523809523809523
2 0.0244140625 0.03626373626373627 0.048828125 0.07179487179487179
2 0.02490234375 0.038461538461538464 0.0498046875 0.07838827838827839
4 0.09647492439516125 0.05708377643861514 0.1929498487903225 0.10922840600259957
