2 0.09706959706959707 0.01318359375 0.19413919413919414 0.02734375
0 0.08534798534798535 0.009765625 0.1706959706959707 0.0185546875
0 0.020879120879120878 0.009765625 0.041758241758241756 0.0224609375
0 0.04139194139194139 0.00927734375 0.08278388278388278 0.01953125
2 0.10622710622710622 0.00830078125 0.21245421245421245 0.01953125
6 0.031135531135531136 0.12646484375 0.06227106227106227 0.1494140625
0 0.06336996336996337 0.0087890625 0.12673992673992673 0.0185546875
0 0.10989010989010989 0.0224609375 0.21978021978021978 0.044921875
0 0.1824175824175824 0.103515625 0.3648351648351648 0.21875
0 0.2611721611721612 0.044921875 0.5223443223443224 0.099609375
0 0.2750915750915751 0.02685546875 0.5501831501831502 0.0556640625
0 0.013186813186813187 0.00830078125 0.026373626373626374 0.0166015625
