0 0.02880859375 0.011355311355311355 0.0576171875 0.02271062271062271
0 0.0390625 0.010622710622710623 0.078125 0.021245421245421246
0 0.02685546875 0.01098901098901099 0.0537109375 0.020512820512820513
0 0.076171875 0.01098901098901099 0.15234375 0.020512820512820513
2 0.0126953125 0.007692307692307693 0.025390625 0.01684981684981685
0 0.27197265625 0.020146520146520148 0.5439453125 0.040293040293040296
0 0.01708984375 0.007692307692307693 0.0341796875 0.01684981684981685
0 0.03076171875 0.00695970695970696 0.0615234375 0.01391941391941392
0 0.04931640625 0.006593406593406593 0.0986328125 0.013186813186813187
0 0.04345703125 0.010622710622710623 0.0869140625 0.020512820512820513
5 0.0126953125 0.0029304029304029304 0.025390625 0.006593406593406593
5 0.0224609375 0.0029304029304029304 0.044921875 0.006593406593406593
3 0.162109375 0.0062271062271062275 0.32421875 0.013186813186813187
0 0.10888671875 0.00695970695970696 0.2177734375 0.01391941391941392
5 0.01904296875 0.0032967032967032967 0.0380859375 0.006593406593406593
3 0.04248046875 0.00695970695970696 0.0849609375 0.013186813186813187
3 0.06982421875 0.007692307692307693 0.1396484375 0.013186813186813187
0 0.03759765625 0.01611721611721612 0.0751953125 0.03296703296703297
3 0.0419921875 0.010622710622710623 0.083984375 0.01978021978021978
3 0.0771484375 0.0062271062271062275 0.154296875 0.01098901098901099
0 0.029296875 0.010622710622710623 0.05859375 0.02197802197802198
0 0.0322265625 0.01098901098901099 0.064453125 0.02197802197802198
2 0.04736328125 0.006593406593406593 0.0947265625 0.012454212454212455
2 0.02978515625 0.009157509157509158 0.0595703125 0.017582417582417582
2 0.02490234375 0.008791208791208791 0.0498046875 0.01684981684981685
4 0.01123046875 0.01098901098901099 0.0224609375 0.02197802197802198
6 0.02685546875 0.011355311355311355 0.0537109375 0.024175824175824177
