5 0.014285714285714285 0.00537109375 0.02857142857142857 0.009765625
5 0.011721611721611722 0.00439453125 0.023443223443223443 0.0078125
5 0.004395604395604396 0.00341796875 0.008791208791208791 0.0068359375
0 0.003663003663003663 0.00830078125 0.007326007326007326 0.017578125
5 0.014285714285714285 0.00927734375 0.02857142857142857 0.0166015625
5 0.019413919413919414 0.0078125 0.03882783882783883 0.0146484375
0 0.30366300366300364 0.03369140625 0.6073260073260073 0.0732421875
0 0.378021978021978 0.041015625 0.756043956043956 0.08984375
2 0.31978021978021975 0.0166015625 0.6395604395604395 0.0322265625
2 0.003663003663003663 0.0107421875 0.007326007326007326 0.0205078125
0 0.013553113553113554 0.05078125 0.027106227106227107 0.1025390625
6 0.004395604395604396 0.00439453125 0.008791208791208791 0.0087890625
2 0.004395604395604396 0.009765625 0.008791208791208791 0.0205078125
5 0.036996336996337 0.03955078125 0.073992673992674 0.05859375
5 0.004761904761904762 0.00537109375 0.009523809523809525 0.0107421875
5 0.03223443223443224 0.01806640625 0.06446886446886448 0.0322265625
5 0.0336996336996337 0.0146484375 0.0673992673992674 0.01953125
5 0.01868131868131868 0.01220703125 0.03736263736263736 0.015625
