2 0.0126953125 0.007326007326007326 0.025390625 0.012454212454212455
2 0.0146484375 0.007326007326007326 0.029296875 0.012454212454212455
2 0.01025390625 0.00695970695970696 0.0205078125 0.013186813186813187
2 0.01025390625 0.007692307692307693 0.0205078125 0.011721611721611722
2 0.0087890625 0.007326007326007326 0.017578125 0.012454212454212455
2 0.015625 0.007326007326007326 0.03125 0.014652014652014652
2 0.01708984375 0.00695970695970696 0.0341796875 0.013186813186813187
2 0.013671875 0.00695970695970696 0.02734375 0.01391941391941392
2 0.0224609375 0.007692307692307693 0.044921875 0.013186813186813187
2 0.01806640625 0.008424908424908424 0.0361328125 0.013186813186813187
2 0.0224609375 0.007692307692307693 0.044921875 0.015384615384615385
2 0.0244140625 0.00805860805860806 0.048828125 0.015384615384615385
2 0.01416015625 0.00695970695970696 0.0283203125 0.018315018315018316
2 0.01318359375 0.008424908424908424 0.0263671875 0.015384615384615385
2 0.0205078125 0.008424908424908424 0.041015625 0.01611721611721612
2 0.01806640625 0.00805860805860806 0.0361328125 0.01684981684981685
0 0.0419921875 0.008791208791208791 0.083984375 0.018315018315018316
2 0.03076171875 0.027472527472527472 0.0615234375 0.05054945054945055
0 0.35205078125 0.041025641025641026 0.7041015625 0.0695970695970696
2 0.0224609375 0.007692307692307693 0.044921875 0.012454212454212455
2 0.0146484375 0.005860805860805861 0.029296875 0.012454212454212455
