2 0.014285714285714285 0.00634765625 0.02857142857142857 0.0126953125
5 0.020879120879120878 0.00732421875 0.041758241758241756 0.015625
0 0.21135531135531135 0.0859375 0.4227106227106227 0.169921875
2 0.04871794871794872 0.0234375 0.09743589743589744 0.0498046875
5 0.015384615384615385 0.0048828125 0.03076923076923077 0.0107421875
5 0.01611721611721612 0.00390625 0.03223443223443224 0.005859375
5 0.013186813186813187 0.00439453125 0.026373626373626374 0.0107421875
6 0.005494505494505495 0.0185546875 0.01098901098901099 0.037109375
6 0.009157509157509158 0.01513671875 0.018315018315018316 0.03125
6 0.007326007326007326 0.01416015625 0.014652014652014652 0.0322265625
6 0.004395604395604396 0.01123046875 0.008791208791208791 0.025390625
6 0.0062271062271062275 0.0166015625 0.012454212454212455 0.03515625
6 0.006593406593406593 0.02001953125 0.013186813186813187 0.0400390625
6 0.050183150183150185 0.056640625 0.10036630036630037 0.1103515625
5 0.05567765567765568 0.04638671875 0.11135531135531136 0.0908203125
6 0.018315018315018316 0.021484375 0.03663003663003663 0.044921875
6 0.03882783882783883 0.013671875 0.07765567765567766 0.0087890625
5 0.005128205128205128 0.01904296875 0.010256410256410256 0.0380859375
5 0.007326007326007326 0.01953125 0.014652014652014652 0.0390625
2 0.01684981684981685 0.0068359375 0.0336996336996337 0.01171875
