5 0.021484375 0.0032967032967032967 0.04296875 0.006593406593406593
5 0.0244140625 0.002564102564102564 0.048828125 0.004395604395604396
5 0.0205078125 0.002197802197802198 0.041015625 0.005128205128205128
5 0.02392578125 0.002564102564102564 0.0478515625 0.005128205128205128
5 0.01806640625 0.002197802197802198 0.0361328125 0.005128205128205128
5 0.017578125 0.002197802197802198 0.03515625 0.003663003663003663
5 0.01904296875 0.002564102564102564 0.0380859375 0.005128205128205128
5 0.02197265625 0.002197802197802198 0.0439453125 0.004395604395604396
5 0.02099609375 0.002197802197802198 0.0419921875 0.005128205128205128
5 0.01953125 0.002564102564102564 0.0390625 0.005128205128205128
5 0.01806640625 0.002564102564102564 0.0361328125 0.003663003663003663
5 0.01904296875 0.002197802197802198 0.0380859375 0.005128205128205128
5 0.021484375 0.002197802197802198 0.04296875 0.005128205128205128
5 0.0205078125 0.002564102564102564 0.041015625 0.004395604395604396
5 0.0234375 0.002564102564102564 0.046875 0.005128205128205128
5 0.02099609375 0.002197802197802198 0.0419921875 0.004395604395604396
6 0.00927734375 0.011355311355311355 0.0185546875 0.02197802197802198
0 0.09716796875 0.3142857142857143 0.1943359375 0.63003663003663
5 0.02197265625 0.0029304029304029304 0.0439453125 0.006593406593406593
5 0.10693359375 0.007692307692307693 0.2138671875 0.018315018315018316
5 0.02392578125 0.002197802197802198 0.0478515625 0.004395604395604396
5 0.0234375 0.0032967032967032967 0.046875 0.006593406593406593
2 0.095703125 0.03772893772893773 0.19140625 0.1054945054945055
2 0.01318359375 0.007326007326007326 0.0263671875 0.01391941391941392
2 0.02392578125 0.008791208791208791 0.0478515625 0.014652014652014652
5 0.0205078125 0.0032967032967032967 0.041015625 0.005128205128205128
