6 0.004761904761904762 0.02783203125 0.009523809523809525 0.0576171875
5 0.007692307692307693 0.00927734375 0.015384615384615385 0.0126953125
0 0.063003663003663 0.015625 0.126007326007326 0.03125
0 0.05238095238095238 0.01611328125 0.10476190476190476 0.0302734375
0 0.05238095238095238 0.0166015625 0.10476190476190476 0.0322265625
0 0.08608058608058608 0.01611328125 0.17216117216117216 0.03125
0 0.06043956043956044 0.0146484375 0.12087912087912088 0.0302734375
3 0.12344322344322345 0.01513671875 0.2468864468864469 0.029296875
5 0.00695970695970696 0.01708984375 0.01391941391941392 0.037109375
0 0.47509157509157507 0.05419921875 0.9501831501831501 0.1064453125
