0 0.08154296875 0.022344322344322345 0.1630859375 0.04249084249084249
0 0.08447265625 0.038461538461538464 0.1689453125 0.073992673992674
2 0.0458984375 0.005128205128205128 0.091796875 0.010256410256410256
2 0.041015625 0.01978021978021978 0.08203125 0.03956043956043956
2 0.06005859375 0.017948717948717947 0.1201171875 0.035897435897435895
2 0.02099609375 0.005494505494505495 0.0419921875 0.01098901098901099
2 0.015625 0.005128205128205128 0.03125 0.010256410256410256
0 0.04833984375 0.009157509157509158 0.0966796875 0.018315018315018316
0 0.048828125 0.009523809523809525 0.09765625 0.01904761904761905
2 0.01611328125 0.0062271062271062275 0.0322265625 0.012454212454212455
2 0.01953125 0.005494505494505495 0.0390625 0.01098901098901099
2 0.009765625 0.005860805860805861 0.01953125 0.011721611721611722
2 0.07763671875 0.00989010989010989 0.1552734375 0.018315018315018316
0 0.04443359375 0.008791208791208791 0.0888671875 0.018315018315018316
0 0.0478515625 0.00989010989010989 0.095703125 0.01904761904761905
0 0.04736328125 0.008791208791208791 0.0947265625 0.017582417582417582
2 0.0751953125 0.008791208791208791 0.150390625 0.01611721611721612
2 0.07763671875 0.008791208791208791 0.1552734375 0.017582417582417582
2 0.04931640625 0.017948717948717947 0.0986328125 0.035897435897435895
