2 0.00732421875 0.007692307692307693 0.0146484375 0.014652014652014652
2 0.0166015625 0.009157509157509158 0.033203125 0.01904761904761905
2 0.015625 0.00805860805860806 0.03125 0.017582417582417582
0 0.015625 0.00805860805860806 0.03125 0.01611721611721612
2 0.009765625 0.01575091575091575 0.01953125 0.030036630036630037
5 0.015625 0.00989010989010989 0.03125 0.02197802197802198
5 0.01611328125 0.009523809523809525 0.0322265625 0.018315018315018316
5 0.01611328125 0.010256410256410256 0.0322265625 0.02197802197802198
0 0.01171875 0.07875457875457875 0.0234375 0.16117216117216118
5 0.01025390625 0.0062271062271062275 0.0205078125 0.01098901098901099
5 0.03125 0.011355311355311355 0.0625 0.02490842490842491
0 0.07275390625 0.38974358974358975 0.1455078125 0.7655677655677655
6 0.0234375 0.021245421245421246 0.046875 0.04542124542124542
5 0.01904296875 0.014652014652014652 0.0380859375 0.03076923076923077
5 0.01953125 0.0032967032967032967 0.0390625 0.00805860805860806
6 0.01611328125 0.03626373626373627 0.0322265625 0.07252747252747253
5 0.03369140625 0.002564102564102564 0.0673828125 0.005128205128205128
6 0.017578125 0.010622710622710623 0.03515625 0.02197802197802198
0 0.0107421875 0.006593406593406593 0.021484375 0.015384615384615385
6 0.00439453125 0.005860805860805861 0.0087890625 0.013186813186813187
6 0.00927734375 0.005128205128205128 0.0185546875 0.010256410256410256
5 0.001953125 0.017216117216117217 0.00390625 0.034432234432234435
0 0.06593578923357662 0.03890270313627978 0.13187157846715325 0.07272532819978074
