0 0.03662109375 0.09010989010989011 0.0732421875 0.1838827838827839
5 0.0087890625 0.00402930402930403 0.017578125 0.00805860805860806
0 0.05615234375 0.11868131868131868 0.1123046875 0.24102564102564103
0 0.13427734375 0.03772893772893773 0.2685546875 0.073992673992674
3 0.15380859375 0.01575091575091575 0.3076171875 0.03223443223443224
2 0.150390625 0.012087912087912088 0.30078125 0.02490842490842491
2 0.1572265625 0.011355311355311355 0.314453125 0.030036630036630037
2 0.05615234375 0.02454212454212454 0.1123046875 0.05274725274725275
0 0.01318359375 0.0315018315018315 0.0263671875 0.063003663003663
0 0.06982421875 0.010256410256410256 0.1396484375 0.020512820512820513
0 0.02197265625 0.06556776556776557 0.0439453125 0.13333333333333333
0 0.03857421875 0.1534798534798535 0.0771484375 0.3098901098901099
