3 0.02392578125 0.01684981684981685 0.0478515625 0.03076923076923077
0 0.041015625 0.027472527472527472 0.08203125 0.05274725274725275
2 0.01318359375 0.01868131868131868 0.0263671875 0.029304029304029304
2 0.0732421875 0.06813186813186813 0.146484375 0.13772893772893774
0 0.0302734375 0.01978021978021978 0.060546875 0.0336996336996337
2 0.04736328125 0.06996336996336996 0.0947265625 0.1413919413919414
4 0.04296875 0.07252747252747253 0.0859375 0.10036630036630037
0 0.12353515625 0.056776556776556776 0.2470703125 0.0967032967032967
0 0.06103515625 0.01904761904761905 0.1220703125 0.035897435897435895
0 0.0146484375 0.010622710622710623 0.029296875 0.021245421245421246
0 0.12255859375 0.06373626373626373 0.2451171875 0.11575091575091576
4 0.02001953125 0.031135531135531136 0.0400390625 0.060073260073260075
4 0.01953125 0.0326007326007326 0.0390625 0.05641025641025641
6 0.01171875 0.01575091575091575 0.0234375 0.029304029304029304
2 0.03515625 0.023076923076923078 0.0703125 0.06373626373626373
