5 0.01806640625 0.012087912087912088 0.0361328125 0.024175824175824177
6 0.0068359375 0.013553113553113554 0.013671875 0.026373626373626374
0 0.02587890625 0.015018315018315019 0.0517578125 0.029304029304029304
6 0.00927734375 0.01391941391941392 0.0185546875 0.026373626373626374
6 0.00927734375 0.012087912087912088 0.0185546875 0.02490842490842491
0 0.04931640625 0.01282051282051282 0.0986328125 0.030036630036630037
6 0.01025390625 0.012454212454212455 0.0205078125 0.026373626373626374
0 0.0224609375 0.013553113553113554 0.044921875 0.027106227106227107
0 0.0380859375 0.01282051282051282 0.076171875 0.026373626373626374
5 0.0341796875 0.012454212454212455 0.068359375 0.024175824175824177
0 0.03515625 0.17545787545787545 0.0703125 0.35824175824175825
0 0.03759765625 0.18205128205128204 0.0751953125 0.3677655677655678
5 0.021484375 0.00989010989010989 0.04296875 0.020512820512820513
5 0.02197265625 0.011721611721611722 0.0439453125 0.021245421245421246
5 0.01611328125 0.010622710622710623 0.0322265625 0.020512820512820513
5 0.0166015625 0.010622710622710623 0.033203125 0.021245421245421246
5 0.021484375 0.010622710622710623 0.04296875 0.02271062271062271
5 0.0234375 0.011721611721611722 0.046875 0.02197802197802198
5 0.017578125 0.011355311355311355 0.03515625 0.021245421245421246
6 0.01708984375 0.012087912087912088 0.0341796875 0.01978021978021978
5 0.04248046875 0.019413919413919414 0.0849609375 0.03736263736263736
6 0.022911658653846145 0.007326007326007326 0.04582331730769229 0.012397858551704694
6 0.10141225961538464 0.010763595378980027 0.20282451923076927 0.008453085376162389
