0 0.09047619047619047 0.05078125 0.18095238095238095 0.1103515625
4 0.0326007326007326 0.04638671875 0.0652014652014652 0.09765625
6 0.01611721611721612 0.02783203125 0.03223443223443224 0.046875
6 0.01391941391941392 0.02392578125 0.02783882783882784 0.0478515625
4 0.016483516483516484 0.0244140625 0.03296703296703297 0.05078125
6 0.0032967032967032967 0.01025390625 0.006593406593406593 0.0205078125
6 0.007326007326007326 0.06201171875 0.014652014652014652 0.1689453125
0 0.32271062271062273 0.1298828125 0.6454212454212455 0.2587890625
6 0.05457875457875458 0.0263671875 0.10915750915750916 0.060546875
4 0.017582417582417582 0.0224609375 0.035164835164835165 0.0400390625
3 0.07790218344369497 0.04990297025360865 0.15580436688738994 0.14098716887417218
6 0.060805860805860805 0.0185546875 0.12161172161172161 0.041015625
6 0.01904761904761905 0.009765625 0.0380952380952381 0.0224609375
3 0.10476190476190476 0.03173828125 0.20952380952380953 0.060546875
6 0.017237664296487848 0.07755055147058826 0.034475328592975696 0.1482077205882354
