6 0.0068359375 0.02454212454212454 0.013671875 0.04981684981684982
0 0.029296875 0.014285714285714285 0.05859375 0.026373626373626374
6 0.01220703125 0.01282051282051282 0.0244140625 0.02564102564102564
6 0.01025390625 0.015384615384615385 0.0205078125 0.02783882783882784
6 0.02734375 0.03333333333333333 0.0546875 0.054945054945054944
0 0.173828125 0.04322344322344322 0.34765625 0.09230769230769231
0 0.0615234375 0.14542124542124543 0.123046875 0.2805860805860806
0 0.029296875 0.015018315018315019 0.05859375 0.026373626373626374
5 0.041015625 0.001098901098901099 0.08203125 0.01978021978021978
5 0.03466796875 0.008791208791208791 0.0693359375 0.01611721611721612
5 0.0693359375 0.006593406593406593 0.138671875 0.014652014652014652
5 0.03759765625 0.007326007326007326 0.0751953125 0.009523809523809525
5 0.0087890625 0.03626373626373627 0.017578125 0.07032967032967033
5 0.01171875 0.02673992673992674 0.0234375 0.054212454212454214
5 0.03564453125 0.004761904761904762 0.0712890625 0.013186813186813187
2 0.02001953125 0.02197802197802198 0.0400390625 0.04542124542124542
5 0.01025390625 0.004395604395604396 0.0205078125 0.008791208791208791
5 0.01708984375 0.005128205128205128 0.0341796875 0.01098901098901099
5 0.005859375 0.009157509157509158 0.01171875 0.01684981684981685
5 0.01025390625 0.009523809523809525 0.0205078125 0.018315018315018316
5 0.009765625 0.020146520146520148 0.01953125 0.04542124542124542
5 0.01220703125 0.005494505494505495 0.0244140625 0.011721611721611722
5 0.01025390625 0.007692307692307693 0.0205078125 0.014652014652014652
5 0.025390625 0.0029304029304029304 0.05078125 0.005860805860805861
5 0.01416015625 0.003663003663003663 0.0283203125 0.008791208791208791
5 0.04736328125 0.02600732600732601 0.0947265625 0.04835164835164835
5 0.03955078125 0.01575091575091575 0.0791015625 0.035164835164835165
