5 0.0478515625 0.02161172161172161 0.095703125 0.060073260073260075
6 0.09619140625 0.016483516483516484 0.1923828125 0.01611721611721612
6 0.03759765625 0.009157509157509158 0.0751953125 0.015384615384615385
4 0.025390625 0.01868131868131868 0.05078125 0.035164835164835165
5 0.01165456922338215 0.003990200068631403 0.0233091384467643 0.007859886402396583
4 0.005868068434718099 0.0037488722948663404 0.011736136869436198 0.006845577765459181
0 0.07763671875 0.3934065934065934 0.1552734375 0.7992673992673993
6 0.0732421875 0.04212454212454213 0.146484375 0.08864468864468865
6 0.07421875 0.04945054945054945 0.1484375 0.09523809523809523
6 0.07763671875 0.054945054945054944 0.1552734375 0.09743589743589744
