5 0.0166015625 0.00402930402930403 0.033203125 0.00805860805860806
6 0.015625 0.0032967032967032967 0.03125 0.007326007326007326
6 0.013671875 0.004761904761904762 0.02734375 0.01391941391941392
0 0.169921875 0.034432234432234435 0.33984375 0.06886446886446887
2 0.0703125 0.015018315018315019 0.140625 0.030036630036630037
6 0.03369140625 0.023809523809523808 0.0673828125 0.06153846153846154
6 0.041015625 0.025274725274725275 0.08203125 0.060073260073260075
6 0.02392578125 0.01868131868131868 0.0478515625 0.03956043956043956
6 0.0418369973352713 0.03180282250049694 0.0836739946705426 0.059812022602720255
6 0.01953125 0.01611721611721612 0.0390625 0.0315018315018315
6 0.00634765625 0.013186813186813187 0.0126953125 0.03076923076923077
6 0.009765625 0.005860805860805861 0.01953125 0.014652014652014652
6 0.01806640625 0.0032967032967032967 0.0361328125 0.005128205128205128
6 0.00927734375 0.008424908424908424 0.0185546875 0.015384615384615385
6 0.037109375 0.002564102564102564 0.07421875 0.006593406593406593
6 0.02874490489130435 0.0029304029304029304 0.0574898097826087 0.006582789191484802
6 0.01611328125 0.005128205128205128 0.0322265625 0.008791208791208791
5 0.0126953125 0.00402930402930403 0.025390625 0.00805860805860806
5 0.017578125 0.004395604395604396 0.03515625 0.008791208791208791
2 0.0947265625 0.014652014652014652 0.189453125 0.029304029304029304
0 0.06805762816011235 0.015557476231633525 0.1361152563202247 0.0315018315018315
5 0.0771484375 0.02600732600732601 0.154296875 0.05054945054945055
5 0.0283203125 0.020879120879120878 0.056640625 0.041758241758241756
5 0.06640625 0.03553113553113553 0.1328125 0.07765567765567766
6 0.025390625 0.013186813186813187 0.05078125 0.027106227106227107
5 0.00390625 0.04322344322344322 0.0078125 0.08717948717948718
6 0.01513671875 0.005128205128205128 0.0302734375 0.008791208791208791
