0 0.1552734375 0.025274725274725275 0.310546875 0.04395604395604396
0 0.1552734375 0.02564102564102564 0.310546875 0.04542124542124542
0 0.15234375 0.024175824175824177 0.3046875 0.046153846153846156
0 0.15234375 0.023076923076923078 0.3046875 0.046886446886446886
0 0.15380859375 0.023076923076923078 0.3076171875 0.046886446886446886
0 0.1533203125 0.023443223443223443 0.306640625 0.04542124542124542
2 0.20849609375 0.03626373626373627 0.4169921875 0.08131868131868132
2 0.25146484375 0.04249084249084249 0.5029296875 0.08791208791208792
0 0.1162109375 0.02490842490842491 0.232421875 0.047619047619047616
0 0.24169921875 0.050915750915750915 0.4833984375 0.10622710622710622
6 0.12866870777027029 0.014355014355014356 0.25733741554054057 0.026730026730026717
