0 0.271484375 0.05054945054945055 0.54296875 0.09597069597069598
0 0.09716796875 0.03956043956043956 0.1943359375 0.08351648351648351
0 0.1416015625 0.039926739926739924 0.283203125 0.08205128205128205
0 0.1416015625 0.03882783882783883 0.283203125 0.07985347985347985
0 0.11181640625 0.039926739926739924 0.2236328125 0.07985347985347985
0 0.1123046875 0.04139194139194139 0.224609375 0.07765567765567766
0 0.267578125 0.04065934065934066 0.53515625 0.08717948717948718
0 0.09423828125 0.039194139194139194 0.1884765625 0.07838827838827839
0 0.14306640625 0.039926739926739924 0.2861328125 0.07985347985347985
0 0.099609375 0.041758241758241756 0.19921875 0.08424908424908426
