0 0.25390625 0.06776556776556776 0.5078125 0.12747252747252746
0 0.0341796875 0.06227106227106227 0.068359375 0.12454212454212454
3 0.1025390625 0.018315018315018316 0.205078125 0.03296703296703297
0 0.1240234375 0.03553113553113553 0.248046875 0.0673992673992674
0 0.10205078125 0.01868131868131868 0.2041015625 0.035164835164835165
0 0.115234375 0.03406593406593406 0.23046875 0.063003663003663
0 0.057617187499999986 0.004761904761904762 0.11523437499999997 0.010256410256410256
0 0.26513671875 0.05311355311355311 0.5302734375 0.10256410256410256
0 0.28076171875 0.05897435897435897 0.5615234375 0.11428571428571428
2 0.0126953125 0.02967032967032967 0.025390625 0.05860805860805861
2 0.24462890625 0.03076923076923077 0.4892578125 0.05934065934065934
