2 0.029296875 0.008791208791208791 0.05859375 0.014652014652014652
2 0.04052734375 0.007326007326007326 0.0810546875 0.014652014652014652
2 0.0302734375 0.007692307692307693 0.060546875 0.01611721611721612
3 0.1784548459353147 0.011783088706165647 0.3569096918706294 0.02197802197802198
0 0.03173828125 0.011721611721611722 0.0634765625 0.024175824175824177
3 0.11950939685314682 0.044437613668382864 0.23901879370629364 0.08382386843925302
3 0.20703125 0.07655677655677656 0.4140625 0.15164835164835164
2 0.05078125 0.01098901098901099 0.1015625 0.023359016462464775
2 0.06982421875 0.01282051282051282 0.1396484375 0.02564102564102564
2 0.0498046875 0.011721611721611722 0.099609375 0.02324342324342326
0 0.044921875 0.011721611721611722 0.08984375 0.02271062271062271
0 0.0302734375 0.01098901098901099 0.060546875 0.02271062271062271
