2 0.0347985347985348 0.029296875 0.0695970695970696 0.0615234375
2 0.05054945054945055 0.0263671875 0.1010989010989011 0.0546875
2 0.0315018315018315 0.0283203125 0.063003663003663 0.05859375
2 0.01098901098901099 0.021484375 0.02197802197802198 0.0419921875
5 0.0032967032967032967 0.017578125 0.006593406593406593 0.03125
5 0.0062271062271062275 0.00390625 0.012454212454212455 0.015625
5 0.008424908424908424 0.00537109375 0.01684981684981685 0.01171875
0 0.14835164835164835 0.05224609375 0.2967032967032967 0.1181640625
0 0.0062271062271062275 0.02490234375 0.012454212454212455 0.05078125
5 0.00989010989010989 0.009765625 0.01978021978021978 0.0185546875
