0 0.01907356948228883 0.0185546875 0.03814713896457766 0.037109375
0 0.018887136096371708 0.019788240131578982 0.037774272192743416 0.03125
5 0.020980926430517712 0.0185546875 0.041961852861035424 0.0361328125
5 0.04795640326975477 0.01904296875 0.09591280653950954 0.0380859375
2 0.05068119891008174 0.01318359375 0.10136239782016349 0.0234375
0 0.031335149863760216 0.0185546875 0.06267029972752043 0.0341796875
0 0.026662678103438184 0.0366688730608592 0.05332535620687637 0.07997324358591895
0 0.05912806539509537 0.0322265625 0.11825613079019073 0.05859375
0 0.020708446866485014 0.01220703125 0.04141689373297003 0.0224609375
0 0.031335149863760216 0.03173828125 0.06267029972752043 0.0634765625
0 0.03651226158038147 0.03564453125 0.07302452316076294 0.0703125
0 0.05967302452316076 0.041015625 0.11934604904632153 0.076171875
