2 0.08203125 0.016483516483516484 0.1640625 0.0315018315018315
2 0.0546875 0.016483516483516484 0.109375 0.0315018315018315
2 0.07470703125 0.01611721611721612 0.1494140625 0.03076923076923077
2 0.0766997466216216 0.016830016830016826 0.1533994932432432 0.03736263736263736
0 0.05810546875 0.012087912087912088 0.1162109375 0.02490842490842491
2 0.0869140625 0.01684981684981685 0.173828125 0.030036630036630037
5 0.158203125 0.11098901098901098 0.31640625 0.21611721611721613
0 0.27392578125 0.027472527472527472 0.5478515625 0.05274725274725275
0 0.1015625 0.020879120879120878 0.203125 0.03956043956043956
2 0.01611328125 0.007692307692307693 0.0322265625 0.015384615384615385
