5 0.01806640625 0.0018315018315018315 0.0361328125 0.004395604395604396
6 0.015625 0.004395604395604396 0.03125 0.00805860805860806
6 0.0166015625 0.00402930402930403 0.033203125 0.00805860805860806
2 0.02001953125 0.005860805860805861 0.0400390625 0.012454212454212455
2 0.0185546875 0.005494505494505495 0.037109375 0.012454212454212455
6 0.01904296875 0.004395604395604396 0.0380859375 0.00805860805860806
6 0.01025390625 0.013186813186813187 0.0205078125 0.027106227106227107
5 0.0009765625 0.00989010989010989 0.001953125 0.01978021978021978
5 -0.00048828125 0.005128205128205128 -0.0009765625 0.01098901098901099
6 0.009765625 0.00402930402930403 0.01953125 0.007326007326007326
2 0.2607421875 0.02673992673992674 0.521484375 0.05347985347985348
6 0.0087890625 0.0032967032967032967 0.017578125 0.006593406593406593
