5 0.0185546875 0.004395604395604396 0.037109375 0.008791208791208791
5 0.03173828125 0.0029304029304029304 0.0634765625 0.005128205128205128
0 0.08349609375 0.4358974358974359 0.1669921875 0.8666666666666667
0 0.08154296875 0.4358974358974359 0.1630859375 0.8725274725274725
2 0.0224609375 0.003663003663003663 0.044921875 0.007326007326007326
0 0.02392578125 0.00989010989010989 0.0478515625 0.01978021978021978
2 0.02001953125 0.007326007326007326 0.0400390625 0.014652014652014652
5 0.017578125 0.0032967032967032967 0.03515625 0.006593406593406593
5 0.00927734375 0.003663003663003663 0.0185546875 0.007326007326007326
5 0.0068359375 0.011721611721611722 0.013671875 0.023443223443223443
5 0.0185546875 0.0029304029304029304 0.037109375 0.006593406593406593
6 0.00146484375 0.008424908424908424 0.0029296875 0.017582417582417582
6 0.001953125 0.00695970695970696 0.00390625 0.014652014652014652
5 0.0078125 0.002197802197802198 0.015625 0.004395604395604396
5 0.00927734375 0.002197802197802198 0.0185546875 0.004395604395604396
