5 0.005494505494505495 0.01025390625 0.01098901098901099 0.017578125
5 0.00402930402930403 0.0126953125 0.00805860805860806 0.0244140625
5 0.002197802197802198 0.01220703125 0.004395604395604396 0.0244140625
5 0.0018315018315018315 0.0107421875 0.003663003663003663 0.0205078125
5 0.0018315018315018315 0.01513671875 0.003663003663003663 0.03125
5 0.0062271062271062275 0.00537109375 0.012454212454212455 0.009765625
5 0.02857142857142857 0.01171875 0.05714285714285714 0.0234375
2 0.01098901098901099 0.0185546875 0.02197802197802198 0.033203125
2 0.14505494505494507 0.0322265625 0.29010989010989013 0.064453125
2 0.12527472527472527 0.03564453125 0.25054945054945055 0.0654296875
5 0.07179487179487179 0.0390625 0.14358974358974358 0.0732421875
5 0.011721611721611722 0.00439453125 0.023443223443223443 0.0087890625
6 0.01098901098901099 0.00537109375 0.02197802197802198 0.009765625
6 0.002564102564102564 0.00927734375 0.005128205128205128 0.0185546875
5 0.005860805860805861 0.00341796875 0.011721611721611722 0.0078125
5 0.0032967032967032967 0.0283203125 0.006593406593406593 0.05859375
5 0.002197802197802198 0.0185546875 0.004395604395604396 0.037109375
0 0.2684981684981685 0.08251953125 0.536996336996337 0.146484375
2 0.012454212454212455 0.005859375 0.02490842490842491 0.0087890625
5 0.002564102564102564 0.0185546875 0.005128205128205128 0.0380859375
2 0.014285714285714285 0.00732421875 0.02857142857142857 0.0078125
5 0.015384615384615385 0.00390625 0.03076923076923077 0.009765625
5 0.010622710622710623 0.00439453125 0.021245421245421246 0.0078125
5 0.007692307692307693 0.00244140625 0.015384615384615385 0.0078125
5 0.00695970695970696 0.00244140625 0.01391941391941392 0.005859375
5 0.0062271062271062275 0.005859375 0.012454212454212455 0.0107421875
5 0.005860805860805861 0.00537109375 0.011721611721611722 0.01171875
