5 0.0087890625 0.003663003663003663 0.017578125 0.00805860805860806
5 0.01513671875 0.002564102564102564 0.0302734375 0.005860805860805861
5 0.01416015625 0.0032967032967032967 0.0283203125 0.005860805860805861
0 0.095703125 0.014285714285714285 0.19140625 0.027106227106227107
0 0.02978515625 0.014285714285714285 0.0595703125 0.029304029304029304
6 0.05712890625 0.03223443223443224 0.1142578125 0.05714285714285714
0 0.076171875 0.013553113553113554 0.15234375 0.02564102564102564
2 0.02490234375 0.011721611721611722 0.0498046875 0.02490842490842491
2 0.0283203125 0.012087912087912088 0.056640625 0.027106227106227107
2 0.01806640625 0.010622710622710623 0.0361328125 0.02271062271062271
2 0.015625 0.009523809523809525 0.03125 0.020512820512820513
2 0.03173828125 0.011355311355311355 0.0634765625 0.02490842490842491
2 0.029296875 0.01098901098901099 0.05859375 0.023443223443223443
0 0.18772754854368928 0.060101710587147465 0.37545509708737856 0.12091468402148012
