0 0.25347985347985347 0.1201171875 0.5069597069597069 0.3251953125
6 0.04322344322344322 0.03662109375 0.08644688644688645 0.072265625
6 0.03626373626373627 0.033203125 0.07252747252747253 0.0693359375
2 0.038461538461538464 0.02880859375 0.07692307692307693 0.05859375
6 0.03406593406593406 0.03662109375 0.06813186813186813 0.06640625
0 0.12087912087912088 0.0595703125 0.24175824175824176 0.1416015625
6 0.011355311355311355 0.00244140625 0.02271062271062271 0.00390625
2 0.01391941391941392 0.0107421875 0.02783882783882784 0.01953125
6 0.008424908424908424 0.01953125 0.01684981684981685 0.0390625
5 0.06153846153846154 0.01123046875 0.12307692307692308 0.04296875
0 0.023443223443223443 0.0078125 0.046886446886446886 0.0166015625
6 0.010622710622710623 0.013671875 0.021245421245421246 0.0244140625
6 0.0336996336996337 0.025390625 0.0673992673992674 0.0546875
2 0.03663003663003663 0.01171875 0.07326007326007326 0.0263671875
6 0.017948717948717947 0.0126953125 0.035897435897435895 0.013671875
6 0.011721611721611722 0.0087890625 0.023443223443223443 0.021484375
2 0.06703296703296703 0.02197265625 0.13406593406593406 0.0390625
0 0.012087912087912088 0.0908203125 0.024175824175824177 0.1826171875
6 0.04322344322344322 0.01904296875 0.08644688644688645 0.037109375
2 0.04065934065934066 0.02783203125 0.08131868131868132 0.05859375
2 0.09267399267399268 0.03173828125 0.18534798534798536 0.0712890625
2 0.02564102564102564 0.02099609375 0.05128205128205128 0.0400390625
5 0.017948717948717947 0.00537109375 0.035897435897435895 0.009765625
6 0.011721611721611722 0.01904296875 0.023443223443223443 0.0341796875
0 0.026990553306342716 0.012849506578947345 0.05398110661268543 0.027754934210526327
