5 0.048828125 0.016483516483516484 0.09765625 0.03296703296703297
5 0.0068359375 0.007692307692307693 0.013671875 0.01611721611721612
0 0.0380859375 0.12197802197802197 0.076171875 0.2424908424908425
2 0.02392578125 0.02161172161172161 0.0478515625 0.04322344322344322
5 0.0546875 0.03333333333333333 0.109375 0.060805860805860805
5 0.03076171875 0.00989010989010989 0.0615234375 0.017582417582417582
5 0.029296875 0.0062271062271062275 0.05859375 0.017582417582417582
5 0.021484375 0.02893772893772894 0.04296875 0.06227106227106227
5 0.087890625 0.01611721611721612 0.17578125 0.06446886446886448
5 0.017578125 0.029304029304029304 0.03515625 0.05567765567765568
5 0.01953125 0.060073260073260075 0.0390625 0.1282051282051282
0 0.0693359375 0.4655677655677656 0.138671875 0.9296703296703297
