3 0.04296875 0.008791208791208791 0.0859375 0.01684981684981685
0 0.08349609375 0.025274725274725275 0.1669921875 0.05054945054945055
2 0.032692649147727265 0.00957375957375957 0.06538529829545453 0.019780219780219946
0 0.1357421875 0.013553113553113554 0.271484375 0.02490842490842491
0 0.06689453125 0.016483516483516484 0.1337890625 0.0336996336996337
2 0.02978515625 0.004395604395604396 0.0595703125 0.010256410256410256
3 0.0244140625 0.004395604395604396 0.048828125 0.009523809523809525
2 0.02978515625 0.00805860805860806 0.0595703125 0.01684981684981685
2 0.03125 0.007326007326007326 0.0625 0.015384615384615385
0 0.01806640625 0.008424908424908424 0.0361328125 0.01611721611721612
5 0.1474609375 0.0029304029304029304 0.294921875 0.005128205128205128
3 0.10888671875 0.017948717948717947 0.2177734375 0.035897435897435895
2 0.04976029829545453 0.01019813519813521 0.09952059659090906 0.01978021978021978
2 0.04185901988636359 0.010406260406260437 0.08371803977272718 0.01978021978021978
