5 0.0234375 0.007692307692307693 0.046875 0.01391941391941392
5 0.01708984375 0.09230769230769231 0.0341796875 0.18461538461538463
5 0.01416015625 0.008791208791208791 0.0283203125 0.01684981684981685
5 0.0224609375 0.015018315018315019 0.044921875 0.02564102564102564
5 0.0244140625 0.012087912087912088 0.048828125 0.01978021978021978
5 0.03125 0.011355311355311355 0.0625 0.023443223443223443
5 0.0205078125 0.009157509157509158 0.041015625 0.013186813186813187
4 0.01416015625 0.012087912087912088 0.0283203125 0.024175824175824177
2 0.041015625 0.01391941391941392 0.08203125 0.02783882783882784
2 0.05126953125 0.011355311355311355 0.1025390625 0.02271062271062271
5 0.04248046875 0.012454212454212455 0.0849609375 0.02490842490842491
5 0.08837890625 0.012454212454212455 0.1767578125 0.027106227106227107
5 0.02001953125 0.00695970695970696 0.0400390625 0.018315018315018316
0 0.03369140625 0.18608058608058609 0.0673828125 0.3706959706959707
5 0.06689453125 0.011355311355311355 0.1337890625 0.02197802197802198
0 0.08203125 0.04285714285714286 0.1640625 0.11868131868131868
5 0.01118977864583337 0.033195970695970696 0.02237955729166674 0.07020757020757015
0 0.07091703869047619 0.183440897726612 0.14183407738095238 0.35583464154892724
