4 0.009765625 0.00989010989010989 0.01953125 0.01904761904761905
4 0.0068359375 0.006593406593406593 0.013671875 0.012454212454212455
4 0.0078125 0.00695970695970696 0.015625 0.01391941391941392
4 0.02978515625 0.019413919413919414 0.0595703125 0.04542124542124542
4 0.0107421875 0.011355311355311355 0.021484375 0.021245421245421246
6 0.005859375 0.004761904761904762 0.01171875 0.008791208791208791
6 0.0068359375 0.004761904761904762 0.013671875 0.009523809523809525
6 0.02392578125 0.03663003663003663 0.0478515625 0.07912087912087912
6 0.0322265625 0.040293040293040296 0.064453125 0.08058608058608059
6 0.009765625 0.023076923076923078 0.01953125 0.05054945054945055
6 0.00927734375 0.01684981684981685 0.0185546875 0.0315018315018315
6 0.01904296875 0.016483516483516484 0.0380859375 0.03223443223443224
5 0.0029296875 0.010622710622710623 0.005859375 0.021245421245421246
0 0.015625 0.03553113553113553 0.03125 0.0761904761904762
0 0.0068359375 0.06153846153846154 0.013671875 0.12307692307692308
0 0.005859375 0.05970695970695971 0.01171875 0.12087912087912088
4 0.01123046875 0.011355311355311355 0.0224609375 0.021245421245421246
0 0.15966796875 0.03076923076923077 0.3193359375 0.08131868131868132
2 0.029296875 0.02783882783882784 0.05859375 0.06153846153846154
