5 0.00402930402930403 0.01318359375 0.00805860805860806 0.0263671875
0 0.36446886446886445 0.10986328125 0.7289377289377289 0.2197265625
5 0.004761904761904762 0.0166015625 0.009523809523809525 0.033203125
2 0.02564102564102564 0.01611328125 0.05128205128205128 0.0322265625
5 0.004761904761904762 0.00439453125 0.009523809523809525 0.009765625
5 0.005494505494505495 0.01953125 0.01098901098901099 0.04296875
5 0.003663003663003663 0.01416015625 0.007326007326007326 0.0283203125
5 0.005128205128205128 0.02001953125 0.010256410256410256 0.041015625
5 0.005494505494505495 0.00390625 0.01098901098901099 0.0087890625
5 0.005494505494505495 0.01513671875 0.01098901098901099 0.0322265625
0 0.23443223443223443 0.0498046875 0.46886446886446886 0.095703125
5 0.02783882783882784 0.00634765625 0.05567765567765568 0.01171875
5 0.01575091575091575 0.00439453125 0.0315018315018315 0.009765625
