6 0.00695970695970696 0.00732421875 0.01391941391941392 0.013671875
3 0.19126356509534076 0.016884491822429903 0.3825271301906815 0.0458984375
2 0.07216117216117215 0.01416015625 0.1443223443223443 0.029296875
0 0.18021978021978022 0.0595703125 0.36043956043956044 0.0810546875
0 0.16593406593406593 0.0830078125 0.33186813186813185 0.177734375
2 0.06227106227106227 0.01611328125 0.12454212454212454 0.0302734375
5 0.004761904761904762 0.01708984375 0.009523809523809525 0.0380859375
0 0.00805860805860806 0.01953125 0.01611721611721612 0.0380859375
0 0.011355311355311355 0.009765625 0.02271062271062271 0.021484375
5 0.010622710622710623 0.00927734375 0.021245421245421246 0.01953125
5 0.012454212454212455 0.00927734375 0.02490842490842491 0.015625
2 0.007692307692307693 0.0087890625 0.015384615384615385 0.0166015625
5 0.01391941391941392 0.005859375 0.02783882783882784 0.01171875
5 0.014652014652014652 0.0087890625 0.029304029304029304 0.017578125
5 0.010256410256410256 0.005859375 0.020512820512820513 0.013671875
5 0.0029304029304029304 0.00439453125 0.005860805860805861 0.009765625
2 0.016483516483516484 0.0087890625 0.03296703296703297 0.015625
5 0.0032967032967032967 0.00439453125 0.006593406593406593 0.0078125
5 0.011721611721611722 0.0048828125 0.023443223443223443 0.009765625
5 0.010622710622710623 0.0048828125 0.021245421245421246 0.009765625
5 0.02673992673992674 0.01220703125 0.05347985347985348 0.0234375
5 0.015384615384615385 0.00830078125 0.03076923076923077 0.0166015625
5 0.01282051282051282 0.00390625 0.02564102564102564 0.0078125
5 0.008424908424908424 0.00390625 0.01684981684981685 0.0068359375
0 0.04871794871794872 0.00927734375 0.09743589743589744 0.0146484375
