5 0.0048828125 0.0029304029304029304 0.009765625 0.005860805860805861
6 0.00732421875 0.020146520146520148 0.0146484375 0.03663003663003663
5 0.00634765625 0.008424908424908424 0.0126953125 0.014652014652014652
5 0.00634765625 0.007692307692307693 0.0126953125 0.014652014652014652
6 0.005859375 0.02673992673992674 0.01171875 0.05201465201465202
5 0.01416015625 0.0018315018315018315 0.0283203125 0.005128205128205128
5 0.00732421875 0.006593406593406593 0.0146484375 0.013186813186813187
5 0.01123046875 0.003663003663003663 0.0224609375 0.00805860805860806
0 0.00537109375 0.02490842490842491 0.0107421875 0.054945054945054944
5 0.015625 0.0032967032967032967 0.03125 0.010256410256410256
2 0.0126953125 0.011355311355311355 0.025390625 0.02197802197802198
0 0.10791015625 0.01282051282051282 0.2158203125 0.026373626373626374
6 0.00537109375 0.009523809523809525 0.0107421875 0.018315018315018316
6 0.0048828125 0.006593406593406593 0.009765625 0.01391941391941392
5 0.01025390625 0.00402930402930403 0.0205078125 0.008791208791208791
6 0.00439453125 0.0032967032967032967 0.0087890625 0.006593406593406593
6 0.00390625 0.0032967032967032967 0.0078125 0.006593406593406593
2 0.173828125 0.051648351648351645 0.34765625 0.10329670329670329
2 0.283203125 0.04798534798534799 0.56640625 0.09597069597069598
5 0.072265625 0.012087912087912088 0.14453125 0.03076923076923077
5 0.07421875 0.011355311355311355 0.1484375 0.029304029304029304
6 0.025390625 0.005860805860805861 0.05078125 0.012454212454212455
5 0.01123046875 0.00695970695970696 0.0224609375 0.01098901098901099
2 0.01123046875 0.009157509157509158 0.0224609375 0.018315018315018316
5 0.0078125 0.011355311355311355 0.015625 0.02271062271062271
5 0.0068359375 0.012087912087912088 0.013671875 0.02197802197802198
5 0.01025390625 0.0062271062271062275 0.0205078125 0.012454212454212455
5 0.0107421875 0.0062271062271062275 0.021484375 0.011721611721611722
5 0.00537109375 0.011721611721611722 0.0107421875 0.02197802197802198
5 0.01708984375 0.01098901098901099 0.0341796875 0.01904761904761905
5 0.00439453125 0.011721611721611722 0.0087890625 0.02271062271062271
5 0.009765625 0.0029304029304029304 0.01953125 0.005128205128205128
5 0.00439453125 0.002564102564102564 0.0087890625 0.005128205128205128
5 0.00146484375 0.01391941391941392 0.0029296875 0.0315018315018315
5 0.0009765625 0.009523809523809525 0.001953125 0.01904761904761905
6 0.01123046875 0.0029304029304029304 0.0224609375 0.03223443223443224
6 0.0029296875 0.009523809523809525 0.005859375 0.01978021978021978
6 0.0068359375 0.028205128205128206 0.013671875 0.054212454212454214
5 0.005859375 0.005494505494505495 0.01171875 0.011721611721611722
6 0.00439453125 0.004761904761904762 0.0087890625 0.009523809523809525
5 0.01171875 0.003663003663003663 0.0234375 0.008791208791208791
5 0.01318359375 0.00402930402930403 0.0263671875 0.006593406593406593
6 0.01805265184859156 0.04101532270546356 0.03610530369718312 0.08280451942423772
6 0.008252640845070436 0.02463498942372182 0.01650528169014087 0.04978589485631746
6 0.02222305689102566 0.006809429886352943 0.04444611378205132 0.01596693904386206
