2 0.2363677153716216 0.01978021978021978 0.4727354307432432 0.039600039600039605
6 0.0625 0.0 0.125 0.05567765567765568
2 0.1201171875 0.08498168498168499 0.240234375 0.1706959706959707
2 0.09130859375 0.08754578754578754 0.1826171875 0.17435897435897435
0 0.3310546875 0.035897435897435895 0.662109375 0.07912087912087912
2 0.05810546875 0.009157509157509158 0.1162109375 0.01904761904761905
2 0.10595703125 0.009523809523809525 0.2119140625 0.02197802197802198
2 0.05224609375 0.00989010989010989 0.1044921875 0.01904761904761905
2 0.02978515625 0.008791208791208791 0.0595703125 0.018315018315018316
0 0.3759765625 0.08351648351648351 0.751953125 0.1706959706959707
