6 0.04609648164335661 0.03765465303926841 0.09219296328671323 0.07684623069238468
2 0.11376953125 0.01611721611721612 0.2275390625 0.0336996336996337
2 0.1572265625 0.013186813186813187 0.314453125 0.03663003663003663
5 0.03076171875 0.00402930402930403 0.0615234375 0.008791208791208791
5 0.03076171875 0.004395604395604396 0.0615234375 0.00805860805860806
5 0.01123046875 0.004395604395604396 0.0224609375 0.008791208791208791
5 0.02285554369004794 0.0032967032967032967 0.04571108738009588 0.008784181446051932
0 0.18701171875 0.03663003663003663 0.3740234375 0.07838827838827839
0 0.09130859375 0.01611721611721612 0.1826171875 0.03076923076923077
0 0.09423828125 0.01868131868131868 0.1884765625 0.03296703296703297
