0 0.027106227106227107 0.01904296875 0.054212454212454214 0.037109375
0 0.027472527472527472 0.01806640625 0.054945054945054944 0.0361328125
0 0.03736263736263736 0.0126953125 0.07472527472527472 0.025390625
2 0.04725274725274725 0.0107421875 0.0945054945054945 0.021484375
2 0.01684981684981685 0.00927734375 0.0336996336996337 0.0185546875
2 0.02271062271062271 0.009765625 0.04542124542124542 0.01953125
2 0.031135531135531136 0.013671875 0.06227106227106227 0.0283203125
2 0.028205128205128206 0.01318359375 0.05641025641025641 0.0302734375
4 0.020512820512820513 0.03173828125 0.041025641025641026 0.0576171875
6 0.017948717948717947 0.03076171875 0.035897435897435895 0.0595703125
4 0.014652014652014652 0.02880859375 0.029304029304029304 0.0576171875
4 0.02600732600732601 0.03515625 0.05201465201465202 0.0732421875
5 0.02967032967032967 0.0087890625 0.05934065934065934 0.013671875
5 0.004761904761904762 0.0244140625 0.009523809523809525 0.044921875
6 0.014652014652014652 0.029296875 0.029304029304029304 0.0390625
6 0.0014652014652014652 0.01611328125 0.0029304029304029304 0.0322265625
5 0.004761904761904762 0.0029296875 0.009523809523809525 0.0048828125
0 0.0032967032967032967 0.00341796875 0.006593406593406593 0.005859375
0 0.0032967032967032967 0.0029296875 0.006593406593406593 0.005859375
2 0.0336996336996337 0.0068359375 0.0673992673992674 0.013671875
0 0.09267399267399268 0.02978515625 0.18534798534798536 0.0615234375
0 0.03663003663003663 0.01171875 0.07326007326007326 0.0224609375
0 0.0380952380952381 0.01220703125 0.0761904761904762 0.0244140625
0 0.02673992673992674 0.02099609375 0.05347985347985348 0.046875
5 0.0032967032967032967 0.015625 0.006593406593406593 0.0322265625
5 0.0032967032967032967 0.01513671875 0.006593406593406593 0.0302734375
5 0.0032967032967032967 0.015625 0.006593406593406593 0.0302734375
5 0.0029304029304029304 0.0126953125 0.005860805860805861 0.0263671875
5 0.0029304029304029304 0.01611328125 0.005860805860805861 0.0322265625
5 0.0029304029304029304 0.015625 0.005860805860805861 0.03125
5 0.0029304029304029304 0.015625 0.005860805860805861 0.03125
5 0.0029304029304029304 0.01611328125 0.005860805860805861 0.0322265625
5 0.0032967032967032967 0.01611328125 0.006593406593406593 0.0322265625
5 0.0032967032967032967 0.015625 0.006593406593406593 0.0302734375
5 0.0029304029304029304 0.01611328125 0.005860805860805861 0.0322265625
5 0.0029304029304029304 0.015625 0.005860805860805861 0.03125
5 0.0032967032967032967 0.005859375 0.006593406593406593 0.013671875
5 0.0029304029304029304 0.00927734375 0.005860805860805861 0.0185546875
5 0.007692307692307693 0.00341796875 0.015384615384615385 0.005859375
5 0.002197802197802198 0.0029296875 0.004395604395604396 0.0048828125
2 0.018315018315018316 0.00634765625 0.03663003663003663 0.013671875
5 0.0978021978021978 0.04638671875 0.1956043956043956 0.1005859375
5 0.0032967032967032967 0.0029296875 0.006593406593406593 0.005859375
0 0.028205128205128206 0.0224609375 0.05641025641025641 0.0458984375
2 0.003663003663003663 0.02783203125 0.007326007326007326 0.05859375
2 0.00402930402930403 0.01220703125 0.00805860805860806 0.0234375
2 0.005128205128205128 0.01708984375 0.010256410256410256 0.037109375
0 0.01611721611721612 0.048828125 0.03223443223443224 0.099609375
5 0.0978021978021978 0.04638671875 0.1956043956043956 0.1005859375
