5 0.02197265625 0.0032967032967032967 0.0439453125 0.00805860805860806
5 0.0263671875 0.0018315018315018315 0.052734375 0.004395604395604396
5 0.00830078125 0.002197802197802198 0.0166015625 0.005128205128205128
2 0.02197265625 0.002564102564102564 0.0439453125 0.005128205128205128
2 0.02685546875 0.004761904761904762 0.0537109375 0.00805860805860806
2 0.0810546875 0.04139194139194135 0.162109375 0.08131868131868124
2 0.2676573057432432 0.022344322344322345 0.5353146114864864 0.046530046530046554
0 0.275390625 0.0347985347985348 0.55078125 0.06593406593406594
2 0.197265625 0.03626373626373627 0.39453125 0.07106227106227106
2 0.14516469594594594 0.08118008118008119 0.2903293918918919 0.1633105633105633
3 0.22607421875 0.02161172161172161 0.4521484375 0.04322344322344322
2 -0.010557432432432456 0.0019800019800019844 -0.021114864864864913 -0.008910008910008909
