0 0.02930535455861071 0.01611328125 0.05861070911722142 0.0341796875
2 0.03979739507959479 0.0166015625 0.07959479015918958 0.03515625
4 0.026410998552821998 0.056640625 0.052821997105643996 0.115234375
0 0.04124457308248915 0.03466796875 0.0824891461649783 0.0673828125
0 0.03147612156295224 0.08349609375 0.06295224312590449 0.1630859375
0 0.03979739507959479 0.0390625 0.07959479015918958 0.0693359375
0 0.18994211287988422 0.0595703125 0.37988422575976843 0.138671875
0 0.024602026049204053 0.01513671875 0.049204052098408106 0.03125
0 0.033646888567293774 0.01708984375 0.06729377713458755 0.0361328125
0 0.03690303907380608 0.01904296875 0.07380607814761216 0.0400390625
0 0.03147612156295224 0.01953125 0.06295224312590449 0.0390625
5 0.015195369030390739 0.00439453125 0.030390738060781478 0.0087890625
5 0.002532561505065123 0.01220703125 0.005065123010130246 0.0244140625
5 0.01447178002894356 0.0068359375 0.02894356005788712 0.015625
0 0.10094066570188133 0.0390625 0.20188133140376266 0.0703125
2 0.011939218523878437 0.00732421875 0.023878437047756874 0.0166015625
2 0.010130246020260492 0.00732421875 0.020260492040520984 0.015625
2 0.01772793053545586 0.01025390625 0.03545586107091172 0.021484375
0 0.027858176555716353 0.08837890625 0.055716353111432707 0.169921875
0 0.01845151953690304 0.017578125 0.03690303907380608 0.03515625
0 0.024602026049204053 0.01708984375 0.049204052098408106 0.03515625
0 0.014833574529667149 0.0166015625 0.029667149059334298 0.03125
0 0.24457308248914617 0.05029296875 0.48914616497829233 0.1123046875
2 0.08936324167872649 0.0302734375 0.17872648335745298 0.05078125
0 0.03147612156295224 0.01806640625 0.06295224312590449 0.0380859375
2 0.01808972503617945 0.00634765625 0.0361794500723589 0.015625
