0 0.05897435897435897 0.02197265625 0.11794871794871795 0.04296875
2 0.00805860805860806 0.00927734375 0.01611721611721612 0.0185546875
2 0.011355311355311355 0.00927734375 0.02271062271062271 0.01953125
2 0.03406593406593406 0.01025390625 0.06813186813186813 0.0205078125
6 0.01978021978021978 0.01806640625 0.03956043956043956 0.0419921875
0 0.008424908424908424 0.0478515625 0.01684981684981685 0.09765625
0 0.17765567765567766 0.0869140625 0.3553113553113553 0.1865234375
2 0.2510989010989011 0.032958984375 0.5021978021978022 0.0595703125
0 0.11831501831501831 0.0634765625 0.23663003663003662 0.130859375
2 0.08937728937728938 0.04443359375 0.17875457875457876 0.0927734375
