2 0.04358974358974359 0.033203125 0.08717948717948718 0.06640625
2 0.014652014652014652 0.0302734375 0.029304029304029304 0.0595703125
5 0.0032967032967032967 0.0 0.006593406593406593 0.017578125
2 0.00695970695970696 0.01806640625 0.01391941391941392 0.0458984375
5 0.006593406593406593 0.05859375 0.013186813186813187 0.083984375
2 0.035164835164835165 0.0302734375 0.07032967032967033 0.03125
5 0.017948717948717947 0.013671875 0.035897435897435895 0.0263671875
2 0.005860805860805861 0.0087890625 0.011721611721611722 0.0166015625
2 0.007692307692307693 0.00244140625 0.015384615384615385 0.0166015625
5 0.018315018315018316 0.009765625 0.03663003663003663 0.0068359375
2 0.00695970695970696 0.00830078125 0.01391941391941392 0.0126953125
2 0.02857142857142857 0.01171875 0.05714285714285714 0.0234375
5 0.014285714285714285 0.00927734375 0.02857142857142857 0.013671875
5 0.007692307692307693 0.0263671875 0.015384615384615385 0.0595703125
2 0.005860805860805861 0.01025390625 0.011721611721611722 0.0126953125
2 0.004761904761904762 0.005859375 0.009523809523809525 0.0146484375
5 0.007692307692307693 0.00830078125 0.015384615384615385 0.03515625
5 0.00805860805860806 -0.00048828125 0.01611721611721612 0.0205078125
0 0.02490842490842491 0.01123046875 0.04981684981684982 0.021484375
2 0.003663003663003663 0.0244140625 0.007326007326007326 0.02734375
2 0.035897435897435895 0.0185546875 0.07179487179487179 0.0400390625
5 0.023809523809523808 0.0224609375 0.047619047619047616 0.01171875
0 0.14322344322344321 0.0400390625 0.28644688644688643 0.080078125
5 0.02271062271062271 -0.00146484375 0.04542124542124542 0.037109375
2 0.023809523809523808 0.01025390625 0.047619047619047616 0.0146484375
2 0.008424908424908424 0.0068359375 0.01684981684981685 0.0263671875
5 0.008424908424908424 0.0009765625 0.01684981684981685 0.0537109375
2 0.01098901098901099 0.03173828125 0.02197802197802198 0.0439453125
5 0.023809523809523808 0.00244140625 0.047619047619047616 0.041015625
0 0.15384615384615385 0.04541015625 0.3076923076923077 0.08984375
2 0.04725274725274725 0.03857421875 0.0945054945054945 0.0732421875
6 0.006593406593406593 0.02001953125 0.013186813186813187 0.0439453125
2 0.005128205128205128 0.009765625 0.010256410256410256 0.0205078125
2 0.00805860805860806 0.0068359375 0.01611721611721612 0.0166015625
